
external field g_e = 0.015 a0, surroundings = 1 x mean fluid density
  sigma_h | fraction of cosmic share within R500 at log M =  12.0  13.0  13.5  14.0  14.5  15.0 | MW fluid/baryons <30kpc <300kpc | chi2
     250  |                                                  0.01 99.00 99.00 99.00 99.00 99.00 |   0.00    0.13 |  1464.2
     300  |                                                  0.00 99.00 99.00 99.00 99.00 99.00 |   0.00    0.07 |  1464.2
     350  |                                                  0.00 99.00 99.00 99.00 99.00 99.00 |   0.00    0.04 |  1464.2
     400  |                                                  0.00 99.00 99.00 99.00 99.00 99.00 |   0.00    0.03 |  1464.2
     500  |                                                  0.00  0.02 99.00 99.00 99.00 99.00 |   0.00    0.02 |  1069.6
     600  |                                                  0.00  0.01 99.00 99.00 99.00 99.00 |   0.00    0.01 |  1069.6
     800  |                                                  0.00  0.00  0.01 99.00 99.00 99.00 |   0.00    0.01 |   813.2

external field g_e = 0.015 a0, surroundings = 3 x mean fluid density
  sigma_h | fraction of cosmic share within R500 at log M =  12.0  13.0  13.5  14.0  14.5  15.0 | MW fluid/baryons <30kpc <300kpc | chi2
     250  |                                                  0.02 99.00 99.00 99.00 99.00 99.00 |   0.00    0.41 |  1464.3
     300  |                                                  0.01 99.00 99.00 99.00 99.00 99.00 |   0.00    0.21 |  1464.2
     350  |                                                  0.00 99.00 99.00 99.00 99.00 99.00 |   0.00    0.13 |  1464.2
     400  |                                                  0.00 99.00 99.00 99.00 99.00 99.00 |   0.00    0.09 |  1464.2
     500  |                                                  0.00 99.00 99.00 99.00 99.00 99.00 |   0.00    0.05 |  1464.2
     600  |                                                  0.00 99.00 99.00 99.00 99.00 99.00 |   0.00    0.03 |  1464.2
     800  |                                                  0.00  0.01 99.00 99.00 99.00 99.00 |   0.00    0.02 |  1069.6

external field g_e = 0.025 a0, surroundings = 1 x mean fluid density
  sigma_h | fraction of cosmic share within R500 at log M =  12.0  13.0  13.5  14.0  14.5  15.0 | MW fluid/baryons <30kpc <300kpc | chi2
     250  |                                                  0.00 99.00 99.00 99.00 99.00 99.00 |   0.00    0.08 |  1464.2
     300  |                                                  0.00 99.00 99.00 99.00 99.00 99.00 |   0.00    0.05 |  1464.2
     350  |                                                  0.00 99.00 99.00 99.00 99.00 99.00 |   0.00    0.03 |  1464.2
     400  |                                                  0.00  0.05 99.00 99.00 99.00 99.00 |   0.00    0.02 |  1069.6
     500  |                                                  0.00  0.01 99.00 99.00 99.00 99.00 |   0.00    0.01 |  1069.6
     600  |                                                  0.00  0.00  0.02 99.00 99.00 99.00 |   0.00    0.01 |   812.4
     800  |                                                  0.00  0.00  0.00 99.00 99.00 99.00 |   0.00    0.00 |   813.3

external field g_e = 0.025 a0, surroundings = 3 x mean fluid density
  sigma_h | fraction of cosmic share within R500 at log M =  12.0  13.0  13.5  14.0  14.5  15.0 | MW fluid/baryons <30kpc <300kpc | chi2
     250  |                                                  0.01 99.00 99.00 99.00 99.00 99.00 |   0.00    0.25 |  1464.2
     300  |                                                  0.01 99.00 99.00 99.00 99.00 99.00 |   0.00    0.14 |  1464.2
     350  |                                                  0.00 99.00 99.00 99.00 99.00 99.00 |   0.00    0.09 |  1464.2
     400  |                                                  0.00 99.00 99.00 99.00 99.00 99.00 |   0.00    0.06 |  1464.2
     500  |                                                  0.00  0.04 99.00 99.00 99.00 99.00 |   0.00    0.04 |  1069.6
     600  |                                                  0.00  0.01 99.00 99.00 99.00 99.00 |   0.00    0.02 |  1069.6
     800  |                                                  0.00  0.00  0.02 99.00 99.00 99.00 |   0.00    0.01 |   812.8

external field g_e = 0.04 a0, surroundings = 1 x mean fluid density
  sigma_h | fraction of cosmic share within R500 at log M =  12.0  13.0  13.5  14.0  14.5  15.0 | MW fluid/baryons <30kpc <300kpc | chi2
     250  |                                                  0.00 99.00 99.00 99.00 99.00 99.00 |   0.00    0.05 |  1464.2
     300  |                                                  0.00 99.00 99.00 99.00 99.00 99.00 |   0.00    0.03 |  1464.2
     350  |                                                  0.00  0.07 99.00 99.00 99.00 99.00 |   0.00    0.02 |  1069.7
     400  |                                                  0.00  0.02 99.00 99.00 99.00 99.00 |   0.00    0.01 |  1069.6
     500  |                                                  0.00  0.01  0.05 99.00 99.00 99.00 |   0.00    0.01 |   811.3
     600  |                                                  0.00  0.00  0.01 99.00 99.00 99.00 |   0.00    0.01 |   813.0
     800  |                                                  0.00  0.00  0.00  0.02 99.00 99.00 |   0.00    0.00 |   601.4

external field g_e = 0.04 a0, surroundings = 3 x mean fluid density
  sigma_h | fraction of cosmic share within R500 at log M =  12.0  13.0  13.5  14.0  14.5  15.0 | MW fluid/baryons <30kpc <300kpc | chi2
     250  |                                                  0.01 99.00 99.00 99.00 99.00 99.00 |   0.00    0.15 |  1464.2
     300  |                                                  0.00 99.00 99.00 99.00 99.00 99.00 |   0.00    0.09 |  1464.2
     350  |                                                  0.00 99.00 99.00 99.00 99.00 99.00 |   0.00    0.06 |  1464.2
     400  |                                                  0.00  0.10 99.00 99.00 99.00 99.00 |   0.00    0.04 |  1069.8
     500  |                                                  0.00  0.02 99.00 99.00 99.00 99.00 |   0.00    0.03 |  1069.6
     600  |                                                  0.00  0.01  0.05 99.00 99.00 99.00 |   0.00    0.02 |   811.3
     800  |                                                  0.00  0.00  0.01 99.00 99.00 99.00 |   0.00    0.01 |   813.1

Targets (as measured):         0.00  0.02  0.54  0.71  0.57  0.38
Targets (20% hydrostatic bias): 0.00  0.50  1.09  1.23  0.97  0.65
MW limits: SPARC needs fluid/baryons << 1 inside 30 kpc; KiDS (MOND + hot gas fits, chi2 103) tolerates little at 300 kpc.

Supply-limited, averaged over surroundings:
  sigma_h | log M =  12.0  13.0  13.5  14.0  14.5  15.0 | chi2 (as measured) | chi2 (20% bias)
     250  |         0.01  1.00  1.00  1.00  1.00  1.00 |     81.1           |   16.6
     300  |         0.00  1.00  1.00  1.00  1.00  1.00 |     81.1           |   16.6
     350  |         0.00  0.82  1.00  1.00  1.00  1.00 |     67.0           |   10.1
     400  |         0.00  0.62  1.00  1.00  1.00  1.00 |     54.4           |    6.1
     450  |         0.00  0.48  0.94  1.00  1.00  1.00 |     45.6           |    5.7
     500  |         0.00  0.35  0.81  1.00  1.00  1.00 |     37.1           |    8.1
     550  |         0.00  0.28  0.69  1.00  1.00  1.00 |     32.9           |   12.1
     600  |         0.00  0.21  0.55  1.00  1.00  1.00 |     30.6           |   18.3
     700  |         0.00  0.07  0.41  0.94  1.00  1.00 |     28.5           |   29.4
