
2D Delaunay mosaic, full coordination z = 6.00; isostatic z = 4 -> naive rigidity loss at f = 0.667
   sealed f   bulk K/K_full   shear G/G_full
    0.400     0.0000         0.0000
    0.425     0.0000         0.0000
    0.450     0.0000         0.0000
    0.475     0.0000         0.0000
    0.500     0.0000         0.0000
    0.525     0.0000         0.0000
    0.550     0.0000         0.0000
    0.575     0.0000         0.0000
    0.600     0.0000         0.0000
    0.625     0.0000         0.0000
    0.650     0.0000         0.0000
    0.675     0.0109         0.0134
    0.700     0.0564         0.0522
    0.725     0.1196         0.1256
    0.750     0.1869         0.2160
    0.775     0.2671         0.2914
    0.800     0.3470         0.3866
    0.825     0.4391         0.4700
    0.850     0.5151         0.5479
    0.875     0.5963         0.6306
    0.900     0.6820         0.7043
    0.925     0.7534         0.7750
    0.950     0.8404         0.8542
    0.975     0.9205         0.9287
    1.000     1.0000         1.0000

3D Delaunay mosaic, full coordination z = 15.60; isostatic z = 6 -> naive rigidity loss at f = 0.385
   sealed f   bulk K/K_full   shear G/G_full
    0.400     0.0348         0.0416
    0.425     0.0681         0.0802
    0.450     0.1008         0.1236
    0.475     0.1382         0.1604
    0.500     0.1709         0.2034
    0.525     0.2084         0.2409
    0.550     0.2477         0.2834
    0.575     0.2890         0.3157
    0.600     0.3285         0.3536
    0.625     0.3688         0.3938
    0.650     0.4100         0.4351
    0.675     0.4450         0.4741
    0.700     0.4902         0.5203
    0.725     0.5319         0.5650
    0.750     0.5788         0.6047
    0.775     0.6204         0.6471
    0.800     0.6636         0.6834
    0.825     0.7051         0.7169
    0.850     0.7472         0.7592
    0.875     0.7883         0.8029
    0.900     0.8323         0.8476
    0.925     0.8725         0.8877
    0.950     0.9146         0.9245
    0.975     0.9574         0.9620
    1.000     1.0000         1.0000
