# z rho_DE/rho_DE0 holographic c_h=0.716, Ode0=0.685
0.000000000000000000e+00 1.000000000000000000e+00
5.008347245409014957e-03 9.984470929196342937e-01
1.001669449081802991e-02 9.969343327825695988e-01
1.502504173622704400e-02 9.954612253442624015e-01
2.003338898163605983e-02 9.940272828723829557e-01
2.504173622704507565e-02 9.926320232565586377e-01
3.005008347245408801e-02 9.912749711589440293e-01
3.505843071786310383e-02 9.899556590517804011e-01
4.006677796327211966e-02 9.886736281516894653e-01
4.507512520868113548e-02 9.874284271691973203e-01
5.008347245409015130e-02 9.862196095478734659e-01
5.509181969949916713e-02 9.850467383498848761e-01
6.010016694490817601e-02 9.839093811653493171e-01
6.510851419031719878e-02 9.828071108709717230e-01
7.011686143572620766e-02 9.817395066109136925e-01
7.512520868113523043e-02 9.807061546803945706e-01
8.013355592654423931e-02 9.797066493063345538e-01
8.514190317195324820e-02 9.787405890709687251e-01
9.015025041736227096e-02 9.778075791852934850e-01
9.515859766277127985e-02 9.769072313975837307e-01
1.001669449081803026e-01 9.760391614901031687e-01
1.051752921535893115e-01 9.752029901496197528e-01
1.101836393989983343e-01 9.743983437527394820e-01
1.151919866444073431e-01 9.736248550732912177e-01
1.202003338898163520e-01 9.728821636574083165e-01
1.252086811352253748e-01 9.721699119533057099e-01
1.302170283806343976e-01 9.714877495524205653e-01
1.352253756260433926e-01 9.708353307241450736e-01
1.402337228714524153e-01 9.702123134968034801e-01
1.452420701168614381e-01 9.696183603217894964e-01
1.502504173622704609e-01 9.690531386726614071e-01
1.552587646076794559e-01 9.685163215845945528e-01
1.602671118530884786e-01 9.680075880037757319e-01
1.652754590984975014e-01 9.675266197374842170e-01
1.702838063439064964e-01 9.670731040791439304e-01
1.752921535893155192e-01 9.666467327037528978e-01
1.803005008347245419e-01 9.662472008480305075e-01
1.853088480801335647e-01 9.658742077860974495e-01
1.903171953255425597e-01 9.655274572578415038e-01
1.953255425709515825e-01 9.652066578538437414e-01
2.003338898163606052e-01 9.649115227537461426e-01
2.053422370617696002e-01 9.646417680149186324e-01
2.103505843071786230e-01 9.643971148034031771e-01
2.153589315525876458e-01 9.641772876001435399e-01
2.203672787979966685e-01 9.639820143233827077e-01
2.253756260434056635e-01 9.638110266439070539e-01
2.303839732888146863e-01 9.636640602674724221e-01
2.353923205342237090e-01 9.635408551870097149e-01
2.404006677796327041e-01 9.634411546774943602e-01
2.454090150250417268e-01 9.633647055326416409e-01
2.504173622704507496e-01 9.633112584526410949e-01
2.554257095158597446e-01 9.632805671347896004e-01
2.604340567612687951e-01 9.632723884900531441e-01
2.654424040066777901e-01 9.632864828356971776e-01
2.704507512520867851e-01 9.633226140658541770e-01
2.754590984974958356e-01 9.633805497733367584e-01
2.804674457429048307e-01 9.634600602477715325e-01
2.854757929883138257e-01 9.635609192570639969e-01
2.904841402337228762e-01 9.636829037550743715e-01
2.954924874791318712e-01 9.638257934898428747e-01
3.005008347245409217e-01 9.639893711221765304e-01
3.055091819699499167e-01 9.641734223286498873e-01
3.105175292153589117e-01 9.643777358902281271e-01
3.155258764607679622e-01 9.646021037676210108e-01
3.205342237061769572e-01 9.648463205954609379e-01
3.255425709515859523e-01 9.651101837432179975e-01
3.305509181969950028e-01 9.653934936156518543e-01
3.355592654424039978e-01 9.656960531673605130e-01
3.405676126878129928e-01 9.660176679513917675e-01
3.455759599332220433e-01 9.663581461582064769e-01
3.505843071786310383e-01 9.667172986456614714e-01
3.555926544240400888e-01 9.670949389607041979e-01
3.606010016694490838e-01 9.674908833487523285e-01
3.656093489148580788e-01 9.679049503682046751e-01
3.706176961602671294e-01 9.683369610664397387e-01
3.756260434056761244e-01 9.687867390206186258e-01
3.806343906510851194e-01 9.692541101483204136e-01
3.856427378964941699e-01 9.697389027011297236e-01
3.906510851419031649e-01 9.702409472530149070e-01
3.956594323873121599e-01 9.707600766839347139e-01
4.006677796327212104e-01 9.712961261590447037e-01
4.056761268781302054e-01 9.718489331038797641e-01
4.106844741235392005e-01 9.724183371758433614e-01
4.156928213689482510e-01 9.730041802332337619e-01
4.207011686143572460e-01 9.736063061454932610e-01
4.257095158597662965e-01 9.742245608692999825e-01
4.307178631051752915e-01 9.748587924941196636e-01
4.357262103505842865e-01 9.755088511982863420e-01
4.407345575959933370e-01 9.761745892030249117e-01
4.457429048414023320e-01 9.768558607246071723e-01
4.507512520868113270e-01 9.775525219248255571e-01
4.557595993322203776e-01 9.782644308599479643e-01
4.607679465776293726e-01 9.789914474283145651e-01
4.657762938230383676e-01 9.797334333629613701e-01
4.707846410684474181e-01 9.804902524547980391e-01
4.757929883138564131e-01 9.812617701197146047e-01
4.808013355592654081e-01 9.820478536124050972e-01
4.858096828046744586e-01 9.828483720299856508e-01
4.908180300500834536e-01 9.836631962488797676e-01
4.958263772954925042e-01 9.844921988614662167e-01
5.008347245409014992e-01 9.853352541125603992e-01
5.058430717863104942e-01 9.861922378357859120e-01
5.108514190317194892e-01 9.870630274981339047e-01
5.158597662771285952e-01 9.879475023551208546e-01
5.208681135225375902e-01 9.888455430236955390e-01
5.258764607679465852e-01 9.897570317972408382e-01
5.308848080133555802e-01 9.906818526068786879e-01
5.358931552587645752e-01 9.916198909523722405e-01
5.409015025041735703e-01 9.925710338335851368e-01
5.459098497495826763e-01 9.935351696825034384e-01
5.509181969949916713e-01 9.945121882958339876e-01
5.559265442404006663e-01 9.955019808767492373e-01
5.609348914858096613e-01 9.965044402764867693e-01
5.659432387312186563e-01 9.975194605145506488e-01
5.709515859766276513e-01 9.985469370844862746e-01
5.759599332220367573e-01 9.995867669228527541e-01
5.809682804674457524e-01 1.000638848339930664e+00
5.859766277128547474e-01 1.001703080951374503e+00
5.909849749582637424e-01 1.002779365610777518e+00
5.959933222036727374e-01 1.003867604343595010e+00
6.010016694490818434e-01 1.004967700569107336e+00
6.060100166944908384e-01 1.006079558940658369e+00
6.110183639398998334e-01 1.007203085260351960e+00
6.160267111853088284e-01 1.008338186644926360e+00
6.210350584307178234e-01 1.009484771458821983e+00
6.260434056761268184e-01 1.010642749248346295e+00
6.310517529215359245e-01 1.011812030676911389e+00
6.360601001669449195e-01 1.012992527461318071e+00
6.410684474123539145e-01 1.014184152437936248e+00
6.460767946577629095e-01 1.015386819694810594e+00
6.510851419031719045e-01 1.016600444255559843e+00
6.560934891485810105e-01 1.017824942317608672e+00
6.611018363939900055e-01 1.019060231203057665e+00
6.661101836393990006e-01 1.020306229297085698e+00
6.711185308848079956e-01 1.021562855987451668e+00
6.761268781302169906e-01 1.022830031605061807e+00
6.811352253756259856e-01 1.024107677441799868e+00
6.861435726210350916e-01 1.025395715936957775e+00
6.911519198664440866e-01 1.026694070354877697e+00
6.961602671118530816e-01 1.028002664997039295e+00
7.011686143572620766e-01 1.029321425173585824e+00
7.061769616026710716e-01 1.030650277146841765e+00
7.111853088480801777e-01 1.031989148075881380e+00
7.161936560934891727e-01 1.033337965962124461e+00
7.212020033388981677e-01 1.034696659652769801e+00
7.262103505843071627e-01 1.036065159025447047e+00
7.312186978297161577e-01 1.037443394695240162e+00
7.362270450751251527e-01 1.038831298197675945e+00
7.412353923205342587e-01 1.040228801970350947e+00
7.462437395659432537e-01 1.041635839301879862e+00
7.512520868113522488e-01 1.043052344281823141e+00
7.562604340567612438e-01 1.044478251751554509e+00
7.612687813021702388e-01 1.045913497304128192e+00
7.662771285475792338e-01 1.047358017454690371e+00
7.712854757929883398e-01 1.048811749378005143e+00
7.762938230383973348e-01 1.050274631069025411e+00
7.813021702838063298e-01 1.051746601328664488e+00
7.863105175292153248e-01 1.053227599718151719e+00
7.913188647746243198e-01 1.054717566514263849e+00
7.963272120200334259e-01 1.056216442665411925e+00
8.013355592654424209e-01 1.057724169789708180e+00
8.063439065108514159e-01 1.059240690330944590e+00
8.113522537562604109e-01 1.060765947323350833e+00
8.163606010016694059e-01 1.062299884532511562e+00
8.213689482470784009e-01 1.063842446444489331e+00
8.263772954924875069e-01 1.065393578225341642e+00
8.313856427378965019e-01 1.066953225681410711e+00
8.363939899833054969e-01 1.068521335220380397e+00
8.414023372287144920e-01 1.070097853845302538e+00
8.464106844741234870e-01 1.071682729299959780e+00
8.514190317195325930e-01 1.073275909858434796e+00
8.564273789649415880e-01 1.074877344445175797e+00
8.614357262103505830e-01 1.076486982629784261e+00
8.664440734557595780e-01 1.078104774591325032e+00
8.714524207011685730e-01 1.079730671083328319e+00
8.764607679465775680e-01 1.081364623399452940e+00
8.814691151919866741e-01 1.083006583360444974e+00
8.864774624373956691e-01 1.084656503451274068e+00
8.914858096828046641e-01 1.086314336637997702e+00
8.964941569282136591e-01 1.087980036460928002e+00
9.015025041736226541e-01 1.089653557039530707e+00
9.065108514190317601e-01 1.091334853041126207e+00
9.115191986644407551e-01 1.093023879650186103e+00
9.165275459098497501e-01 1.094720592538208637e+00
9.215358931552587451e-01 1.096424947842697506e+00
9.265442404006677402e-01 1.098136902290600236e+00
9.315525876460767352e-01 1.099856413056798932e+00
9.365609348914858412e-01 1.101583437815541577e+00
9.415692821368948362e-01 1.103317934762576336e+00
9.465776293823038312e-01 1.105059862587805197e+00
9.515859766277128262e-01 1.106809180448454333e+00
9.565943238731218212e-01 1.108565847942744709e+00
9.616026711185308162e-01 1.110329825084675148e+00
9.666110183639399223e-01 1.112101072393544721e+00
9.716193656093489173e-01 1.113879550829279141e+00
9.766277128547579123e-01 1.115665221772185633e+00
9.816360601001669073e-01 1.117458047073722982e+00
9.866444073455759023e-01 1.119257989032686140e+00
9.916527545909850083e-01 1.121065010371830928e+00
9.966611018363940033e-01 1.122879074214937933e+00
1.001669449081802998e+00 1.124700144064287866e+00
1.006677796327211993e+00 1.126528183831860153e+00
1.011686143572620988e+00 1.128363157884376244e+00
1.016694490818029983e+00 1.130205030931435539e+00
1.021702838063438978e+00 1.132053768106362046e+00
1.026711185308847973e+00 1.133909334948892678e+00
1.031719532554257190e+00 1.135771697384871493e+00
1.036727879799666185e+00 1.137640821706313643e+00
1.041736227045075180e+00 1.139516674551833697e+00
1.046744574290484175e+00 1.141399222898954902e+00
1.051752921535893170e+00 1.143288434153684641e+00
1.056761268781302165e+00 1.145184276034803661e+00
1.061769616026711160e+00 1.147086716624853953e+00
1.066777963272120155e+00 1.148995724376866923e+00
1.071786310517529150e+00 1.150911268096759699e+00
1.076794657762938145e+00 1.152833316926051621e+00
1.081803005008347141e+00 1.154761840324887601e+00
1.086811352253756136e+00 1.156696808055366121e+00
1.091819699499165353e+00 1.158638190220746100e+00
1.096828046744574348e+00 1.160585957275437785e+00
1.101836393989983343e+00 1.162540079955525663e+00
1.106844741235392338e+00 1.164500529335276591e+00
1.111853088480801333e+00 1.166467276812492848e+00
1.116861435726210328e+00 1.168440294093557652e+00
1.121869782971619323e+00 1.170419553178738914e+00
1.126878130217028318e+00 1.172405026347758561e+00
1.131886477462437313e+00 1.174396686150089630e+00
1.136894824707846308e+00 1.176394505475806485e+00
1.141903171953255303e+00 1.178398457476671490e+00
1.146911519198664520e+00 1.180408515587646257e+00
1.151919866444073515e+00 1.182424653541098936e+00
1.156928213689482510e+00 1.184446845353883893e+00
1.161936560934891505e+00 1.186475065314639865e+00
1.166944908180300500e+00 1.188509287971322825e+00
1.171953255425709495e+00 1.190549488118945121e+00
1.176961602671118490e+00 1.192595640802175838e+00
1.181969949916527485e+00 1.194647721373669924e+00
1.186978297161936480e+00 1.196705705406544418e+00
1.191986644407345475e+00 1.198769568737882762e+00
1.196994991652754470e+00 1.200839287467563299e+00
1.202003338898163687e+00 1.202914837947308246e+00
1.207011686143572682e+00 1.204996196769916983e+00
1.212020033388981677e+00 1.207083340758695389e+00
1.217028380634390672e+00 1.209176246957058165e+00
1.222036727879799667e+00 1.211274892637733469e+00
1.227045075125208662e+00 1.213379255345765628e+00
1.232053422370617657e+00 1.215489312822530810e+00
1.237061769616026652e+00 1.217605043047599978e+00
1.242070116861435647e+00 1.219726424234198969e+00
1.247078464106844642e+00 1.221853434819933470e+00
1.252086811352253637e+00 1.223986053457676304e+00
1.257095158597662854e+00 1.226124259006611039e+00
1.262103505843071849e+00 1.228268030523428367e+00
1.267111853088480844e+00 1.230417347269145090e+00
1.272120200333889839e+00 1.232572188749779141e+00
1.277128547579298834e+00 1.234732534647933422e+00
1.282136894824707829e+00 1.236898364858093791e+00
1.287145242070116824e+00 1.239069659483669872e+00
1.292153589315525819e+00 1.241246398829157549e+00
1.297161936560934814e+00 1.243428563392426911e+00
1.302170283806343809e+00 1.245616133857150754e+00
1.307178631051752804e+00 1.247809091085352540e+00
1.312186978297162021e+00 1.250007416116625691e+00
1.317195325542571016e+00 1.252211090212042466e+00
1.322203672787980011e+00 1.254420094795971385e+00
1.327212020033389006e+00 1.256634411477651758e+00
1.332220367278798001e+00 1.258854022054075150e+00
1.337228714524206996e+00 1.261078908503361573e+00
1.342237061769615991e+00 1.263309052978249802e+00
1.347245409015024986e+00 1.265544437799693833e+00
1.352253756260433981e+00 1.267785045450576797e+00
1.357262103505842976e+00 1.270030858569754617e+00
1.362270450751251971e+00 1.272281859983993124e+00
1.367278797996661188e+00 1.274538032687182243e+00
1.372287145242070183e+00 1.276799359826767066e+00
1.377295492487479178e+00 1.279065824719633149e+00
1.382303839732888173e+00 1.281337410846512759e+00
1.387312186978297168e+00 1.283614101846497491e+00
1.392320534223706163e+00 1.285895881511634142e+00
1.397328881469115158e+00 1.288182733781620515e+00
1.402337228714524153e+00 1.290474642738582478e+00
1.407345575959933148e+00 1.292771592610433506e+00
1.412353923205342143e+00 1.295073567801473979e+00
1.417362270450751138e+00 1.297380552845470048e+00
1.422370617696160355e+00 1.299692532425436031e+00
1.427378964941569350e+00 1.302009491373105288e+00
1.432387312186978345e+00 1.304331414664300359e+00
1.437395659432387340e+00 1.306658287414383723e+00
1.442404006677796335e+00 1.308990094873788035e+00
1.447412353923205330e+00 1.311326822423616978e+00
1.452420701168614325e+00 1.313668455571325389e+00
1.457429048414023320e+00 1.316014979964403198e+00
1.462437395659432315e+00 1.318366381399096898e+00
1.467445742904841310e+00 1.320722645788583449e+00
1.472454090150250305e+00 1.323083759181020502e+00
1.477462437395659522e+00 1.325449707755983697e+00
1.482470784641068517e+00 1.327820477820641276e+00
1.487479131886477512e+00 1.330196055805991540e+00
1.492487479131886507e+00 1.332576428263168689e+00
1.497495826377295502e+00 1.334961581859805291e+00
1.502504173622704498e+00 1.337351503376462247e+00
1.507512520868113493e+00 1.339746179723078523e+00
1.512520868113522488e+00 1.342145597937429713e+00
1.517529215358931483e+00 1.344549745164603349e+00
1.522537562604340478e+00 1.346958608669712953e+00
1.527545909849749473e+00 1.349372175834692600e+00
1.532554257095158468e+00 1.351790434155137222e+00
1.537562604340567685e+00 1.354213371237201757e+00
1.542570951585976680e+00 1.356640974794550258e+00
1.547579298831385675e+00 1.359073232645359619e+00
1.552587646076794670e+00 1.361510132709370602e+00
1.557595993322203665e+00 1.363951663018837523e+00
1.562604340567612660e+00 1.366397811724488376e+00
1.567612687813021655e+00 1.368848567072085798e+00
1.572621035058430650e+00 1.371303917414236073e+00
1.577629382303839645e+00 1.373763851207898901e+00
1.582637729549248640e+00 1.376228357011788805e+00
1.587646076794657635e+00 1.378697423483821627e+00
1.592654424040066852e+00 1.381171039378601861e+00
1.597662771285475847e+00 1.383649193544961742e+00
1.602671118530884842e+00 1.386131874923531626e+00
1.607679465776293837e+00 1.388619072549293509e+00
1.612687813021702832e+00 1.391110775568718205e+00
1.617696160267111827e+00 1.393606973214376321e+00
1.622704507512520822e+00 1.396107654812833720e+00
1.627712854757929817e+00 1.398612809784234745e+00
1.632721202003338812e+00 1.401122427640164148e+00
1.637729549248747807e+00 1.403636497981554765e+00
1.642737896494156802e+00 1.406155010496626057e+00
1.647746243739566019e+00 1.408677954958864387e+00
1.652754590984975014e+00 1.411205321225033060e+00
1.657762938230384009e+00 1.413737099233310035e+00
1.662771285475793004e+00 1.416273279016119213e+00
1.667779632721201999e+00 1.418813850694758738e+00
1.672787979966610994e+00 1.421358804469926351e+00
1.677796327212019989e+00 1.423908130626461599e+00
1.682804674457428984e+00 1.426461819531597675e+00
1.687813021702837979e+00 1.429019861633251676e+00
1.692821368948246974e+00 1.431582247458338397e+00
1.697829716193655969e+00 1.434148967611117653e+00
1.702838063439065186e+00 1.436720012771574462e+00
1.707846410684474181e+00 1.439295373693823210e+00
1.712854757929883176e+00 1.441875041205660013e+00
1.717863105175292171e+00 1.444459006222232889e+00
1.722871452420701166e+00 1.447047259733029279e+00
1.727879799666110161e+00 1.449639792800726523e+00
1.732888146911519156e+00 1.452236596562362703e+00
1.737896494156928151e+00 1.454837662227937312e+00
1.742904841402337146e+00 1.457442981079045463e+00
1.747913188647746141e+00 1.460052544467528524e+00
1.752921535893155136e+00 1.462666343814159164e+00
1.757929883138564353e+00 1.465284370607343734e+00
1.762938230383973348e+00 1.467906616401853048e+00
1.767946577629382343e+00 1.470533072818639653e+00
1.772954924874791338e+00 1.473163731556208944e+00
1.777963272120200333e+00 1.475798584380119127e+00
1.782971619365609328e+00 1.478437623121385824e+00
1.787979966611018323e+00 1.481080839677031635e+00
1.792988313856427318e+00 1.483728226008974582e+00
1.797996661101836313e+00 1.486379774142941868e+00
1.803005008347245308e+00 1.489035476167403171e+00
1.808013355592654303e+00 1.491695324232523268e+00
1.813021702838063520e+00 1.494359310549137065e+00
1.818030050083472515e+00 1.497027427387745746e+00
1.823038397328881510e+00 1.499699667077696974e+00
1.828046744574290505e+00 1.502376022014961787e+00
1.833055091819699500e+00 1.505056484659345717e+00
1.838063439065108495e+00 1.507741047528576184e+00
1.843071786310517490e+00 1.510429703199159146e+00
1.848080133555926485e+00 1.513122444305502245e+00
1.853088480801335480e+00 1.515819263539058159e+00
1.858096828046744475e+00 1.518520153647487714e+00
1.863105175292153470e+00 1.521225107433834767e+00
1.868113522537562687e+00 1.523934117755720408e+00
1.873121869782971682e+00 1.526647177524558252e+00
1.878130217028380677e+00 1.529364279704779284e+00
1.883138564273789672e+00 1.532085417315311338e+00
1.888146911519198667e+00 1.534810583436425180e+00
1.893155258764607662e+00 1.537539771201341887e+00
1.898163606010016657e+00 1.540272973795568934e+00
1.903171953255425652e+00 1.543010184456373057e+00
1.908180300500834647e+00 1.545751396472109018e+00
1.913188647746243642e+00 1.548496603181567233e+00
1.918196994991652637e+00 1.551245797973333174e+00
1.923205342237061632e+00 1.553998974285164092e+00
1.928213689482470850e+00 1.556756125603375729e+00
1.933222036727879845e+00 1.559517245462247237e+00
1.938230383973288840e+00 1.562282327443434093e+00
1.943238731218697835e+00 1.565051365178750542e+00
1.948247078464106830e+00 1.567824352353788031e+00
1.953255425709515825e+00 1.570601282701251211e+00
1.958263772954924820e+00 1.573382150000131707e+00
1.963272120200333815e+00 1.576166948075200080e+00
1.968280467445742810e+00 1.578955670796496236e+00
1.973288814691151805e+00 1.581748312078846475e+00
1.978297161936560800e+00 1.584544865881379438e+00
1.983305509181970017e+00 1.587345326207061591e+00
1.988313856427379012e+00 1.590149687102241804e+00
1.993322203672788007e+00 1.592957942656208603e+00
1.998330550918197002e+00 1.595770087000754511e+00
2.003338898163605997e+00 1.598586114311814521e+00
2.008347245409014992e+00 1.601406018813721355e+00
2.013355592654423987e+00 1.604229794773508466e+00
2.018363939899832982e+00 1.607057436499195857e+00
2.023372287145241977e+00 1.609888938339402165e+00
2.028380634390650972e+00 1.612724294682981396e+00
2.033388981636059967e+00 1.615563499958662552e+00
2.038397328881468962e+00 1.618406548634697018e+00
2.043405676126877957e+00 1.621253435218523720e+00
2.048414023372286952e+00 1.624104154256436727e+00
2.053422370617695947e+00 1.626958700333263286e+00
2.058430717863104942e+00 1.629817068072053621e+00
2.063439065108514381e+00 1.632679252133983239e+00
2.068447412353923376e+00 1.635545247222825571e+00
2.073455759599332371e+00 1.638415048083088355e+00
2.078464106844741366e+00 1.641288649495680874e+00
2.083472454090150361e+00 1.644166046277586224e+00
2.088480801335559356e+00 1.647047233281583090e+00
2.093489148580968351e+00 1.649932205396006157e+00
2.098497495826377346e+00 1.652820957544486102e+00
2.103505843071786341e+00 1.655713484685723769e+00
2.108514190317195336e+00 1.658609781813250139e+00
2.113522537562604331e+00 1.661509843955209620e+00
2.118530884808013326e+00 1.664413666174141104e+00
2.123539232053422321e+00 1.667321243566717293e+00
2.128547579298831316e+00 1.670232571263766230e+00
2.133555926544240311e+00 1.673147644435961867e+00
2.138564273789649306e+00 1.676066458288134386e+00
2.143572621035058301e+00 1.678989008057146126e+00
2.148580968280467296e+00 1.681915289011720160e+00
2.153589315525876291e+00 1.684845296452263108e+00
2.158597662771285286e+00 1.687779025710704817e+00
2.163606010016694281e+00 1.690716472150337824e+00
2.168614357262103276e+00 1.693657631165669253e+00
2.173622704507512271e+00 1.696602498182273600e+00
2.178631051752921710e+00 1.699551068656655062e+00
2.183639398998330705e+00 1.702503338076115869e+00
2.188647746243739700e+00 1.705459301958389240e+00
2.193656093489148695e+00 1.708418955851243037e+00
2.198664440734557690e+00 1.711382295339065163e+00
2.203672787979966685e+00 1.714349316036235527e+00
2.208681135225375680e+00 1.717320013585435845e+00
2.213689482470784675e+00 1.720294383657543058e+00
2.218697829716193670e+00 1.723272421951530076e+00
2.223706176961602665e+00 1.726254124194374517e+00
2.228714524207011660e+00 1.729239486140967230e+00
2.233722871452420655e+00 1.732228503574028800e+00
2.238731218697829650e+00 1.735221172304032722e+00
2.243739565943238645e+00 1.738217488169133906e+00
2.248747913188647640e+00 1.741217447035096733e+00
2.253756260434056635e+00 1.744221044795160491e+00
2.258764607679465630e+00 1.747228277367822491e+00
2.263772954924874625e+00 1.750239140704761942e+00
2.268781302170283620e+00 1.753253630785920780e+00
2.273789649415692615e+00 1.756271743616257597e+00
2.278797996661101610e+00 1.759293475225695014e+00
2.283806343906510605e+00 1.762318821669073277e+00
2.288814691151920044e+00 1.765347779026117614e+00
2.293823038397329039e+00 1.768380343401393828e+00
2.298831385642738034e+00 1.771416510924285648e+00
2.303839732888147029e+00 1.774456277748961197e+00
2.308848080133556024e+00 1.777499640054358343e+00
2.313856427378965019e+00 1.780546594044159825e+00
2.318864774624374014e+00 1.783597135946787482e+00
2.323873121869783009e+00 1.786651262013988051e+00
2.328881469115192004e+00 1.789708968521868782e+00
2.333889816360600999e+00 1.792770251777192403e+00
2.338898163606009994e+00 1.795835108109305134e+00
2.343906510851418989e+00 1.798903533869631532e+00
2.348914858096827984e+00 1.801975525431667835e+00
2.353923205342236979e+00 1.805051079190982399e+00
2.358931552587645974e+00 1.808130191565221923e+00
2.363939899833054969e+00 1.811212858994124320e+00
2.368948247078463964e+00 1.814299077939527605e+00
2.373956594323872960e+00 1.817388844885387877e+00
2.378964941569281955e+00 1.820482156337797974e+00
2.383973288814690950e+00 1.823579008825015002e+00
2.388981636060099945e+00 1.826679398897483209e+00
2.393989983305508940e+00 1.829783323125382388e+00
2.398998330550918379e+00 1.832890778101969875e+00
2.404006677796327374e+00 1.836001760447861564e+00
2.409015025041736369e+00 1.839116266803278110e+00
2.414023372287145364e+00 1.842234293827931912e+00
2.419031719532554359e+00 1.845355838201056642e+00
2.424040066777963354e+00 1.848480896621444991e+00
2.429048414023372349e+00 1.851609465807489752e+00
2.434056761268781344e+00 1.854741542497222007e+00
2.439065108514190339e+00 1.857877123448358869e+00
2.444073455759599334e+00 1.861016205438354110e+00
2.449081803005008329e+00 1.864158785264445228e+00
2.454090150250417324e+00 1.867304859743710965e+00
2.459098497495826319e+00 1.870454425713124591e+00
2.464106844741235314e+00 1.873607480027815075e+00
2.469115191986644309e+00 1.876764019560689833e+00
2.474123539232053304e+00 1.879924041211599839e+00
2.479131886477462299e+00 1.883087541898236017e+00
2.484140233722871294e+00 1.886254518555472659e+00
2.489148580968280289e+00 1.889424968135425598e+00
2.494156928213689284e+00 1.892598887607516600e+00
2.499165275459098279e+00 1.895776273958536873e+00
2.504173622704507274e+00 1.898957124192708346e+00
2.509181969949916713e+00 1.902141435331761832e+00
2.514190317195325708e+00 1.905329204415000310e+00
2.519198664440734703e+00 1.908520428499376198e+00
2.524207011686143698e+00 1.911715104659567954e+00
2.529215358931552693e+00 1.914913229988058463e+00
2.534223706176961688e+00 1.918114801595163676e+00
2.539232053422370683e+00 1.921319816603997310e+00
2.544240400667779678e+00 1.924528272160293874e+00
2.549248747913188673e+00 1.927740165430221309e+00
2.554257095158597668e+00 1.930955493595046146e+00
2.559265442404006663e+00 1.934174253851216996e+00
2.564273789649415658e+00 1.937396443410438485e+00
2.569282136894824653e+00 1.940622059499756746e+00
2.574290484140233648e+00 1.943851099361641577e+00
2.579298831385642643e+00 1.947083560254071477e+00
2.584307178631051638e+00 1.950319439450619807e+00
2.589315525876460633e+00 1.953558734240546491e+00
2.594323873121869628e+00 1.956801441928890606e+00
2.599332220367278623e+00 1.960047559836560316e+00
2.604340567612687618e+00 1.963297085300432787e+00
2.609348914858096613e+00 1.966550015673263818e+00
2.614357262103505608e+00 1.969806348317957090e+00
2.619365609348914603e+00 1.973066080619372720e+00
2.624373956594324042e+00 1.976329209980201451e+00
2.629382303839733037e+00 1.979595733816429171e+00
2.634390651085142032e+00 1.982865649557423726e+00
2.639398998330551027e+00 1.986138954646032184e+00
2.644407345575960022e+00 1.989415646538672311e+00
2.649415692821369017e+00 1.992695722705430494e+00
2.654424040066778012e+00 1.995979180630161665e+00
2.659432387312187007e+00 1.999266017810585661e+00
2.664440734557596002e+00 2.002556231758390926e+00
2.669449081803004997e+00 2.005849819999337758e+00
2.674457429048413992e+00 2.009146780073363558e+00
2.679465776293822987e+00 2.012447109534686529e+00
2.684474123539231982e+00 2.015750805951917801e+00
2.689482470784640977e+00 2.019057866903996690e+00
2.694490818030049972e+00 2.022368289984150191e+00
2.699499165275458967e+00 2.025682072806311407e+00
2.704507512520867962e+00 2.028999212996170698e+00
2.709515859766276957e+00 2.032319708191175245e+00
2.714524207011685952e+00 2.035643556040628077e+00
2.719532554257094947e+00 2.038970754205795988e+00
2.724540901502503942e+00 2.042301300360005456e+00
2.729549248747912937e+00 2.045635192188759000e+00
2.734557595993322376e+00 2.048972427389837314e+00
2.739565943238731371e+00 2.052313003673405856e+00
2.744574290484140366e+00 2.055656918762129859e+00
2.749582637729549361e+00 2.059004170391284028e+00
2.754590984974958356e+00 2.062354756308862225e+00
2.759599332220367351e+00 2.065708674275698709e+00
2.764607679465776346e+00 2.069065922065400631e+00
2.769616026711185341e+00 2.072426497457715566e+00
2.774624373956594336e+00 2.075790398251070368e+00
2.779632721202003331e+00 2.079157622259197868e+00
2.784641068447412326e+00 2.082528167306095579e+00
2.789649415692821321e+00 2.085902031226126940e+00
2.794657762938230317e+00 2.089279211864132790e+00
2.799666110183639312e+00 2.092659707075541498e+00
2.804674457429048307e+00 2.096043514726478652e+00
2.809682804674457302e+00 2.099430632693872312e+00
2.814691151919866297e+00 2.102821058865573356e+00
2.819699499165275292e+00 2.106214791140466502e+00
2.824707846410684287e+00 2.109611827428583108e+00
2.829716193656093282e+00 2.113012165651217966e+00
2.834724540901502277e+00 2.116415803741046098e+00
2.839732888146911272e+00 2.119822739642240883e+00
2.844741235392320711e+00 2.123232971310581085e+00
2.849749582637729706e+00 2.126646496707103484e+00
2.854757929883138701e+00 2.130063313807779579e+00
2.859766277128547696e+00 2.133483420604532110e+00
2.864774624373956691e+00 2.136906815098281509e+00
2.869782971619365686e+00 2.140333495299045818e+00
2.874791318864774681e+00 2.143763459226058821e+00
2.879799666110183676e+00 2.147196704907873066e+00
2.884808013355592671e+00 2.150633230382481553e+00
2.889816360601001666e+00 2.154073033697423867e+00
2.894824707846410661e+00 2.157516112909902084e+00
2.899833055091819656e+00 2.160962466086896683e+00
2.904841402337228651e+00 2.164412091305281116e+00
2.909849749582637646e+00 2.167864986651942161e+00
2.914858096828046641e+00 2.171321150223893603e+00
2.919866444073455636e+00 2.174780580128396590e+00
2.924874791318864631e+00 2.178243274483078640e+00
2.929883138564273626e+00 2.181709231414456163e+00
2.934891485809682621e+00 2.185178449052674665e+00
2.939899833055091616e+00 2.188650925547335646e+00
2.944908180300500611e+00 2.192126659057775040e+00
2.949916527545909606e+00 2.195605647751263767e+00
2.954924874791319045e+00 2.199087889803113427e+00
2.959933222036728040e+00 2.202573383396789541e+00
2.964941569282137035e+00 2.206062126724019912e+00
2.969949916527546030e+00 2.209554117984912303e+00
2.974958263772955025e+00 2.213049355388061468e+00
2.979966611018364020e+00 2.216547837150670386e+00
2.984974958263773015e+00 2.220049561498661728e+00
2.989983305509182010e+00 2.223554526666789322e+00
2.994991652754591005e+00 2.227062730898764720e+00
3.000000000000000000e+00 2.230574172447364223e+00
3.009999999999999787e+00 2.237595028811798059e+00
3.051022072388778206e+00 2.266530738864114713e+00
3.092603218007812238e+00 2.296081148634578462e+00
3.134751056239999834e+00 2.326259737915451709e+00
3.177473310309726351e+00 2.357080310019867841e+00
3.220777808698077394e+00 2.388556998730593683e+00
3.264672486577340660e+00 2.420704277820726169e+00
3.309165387265057934e+00 2.453536968444675281e+00
3.354264663697890558e+00 2.487070249014593060e+00
3.399978579925577282e+00 2.521319663164225844e+00
3.446315512625245603e+00 2.556301129890277135e+00
3.493283952636369261e+00 2.592030952228747243e+00
3.540892506516637450e+00 2.628525827570280526e+00
3.589149898119031956e+00 2.665802857184276231e+00
3.638064970190399094e+00 2.703879556631883396e+00
3.687646685991803341e+00 2.742773866252673276e+00
3.737904130940970404e+00 2.782504161631700779e+00
3.788846514277107946e+00 2.823089265122833869e+00
3.840483170748418829e+00 2.864548456381958541e+00
3.892823562322613729e+00 2.906901484934772295e+00
3.945877279920733560e+00 2.950168580872592372e+00
3.999654045174601880e+00 2.994370468386413631e+00
4.054163712208230130e+00 3.039528376781605257e+00
4.109416269443500802e+00 3.085664054897321318e+00
4.165421841430456240e+00 3.132799782567008862e+00
4.222190690702534610e+00 3.180958385875187311e+00
4.279733219657094523e+00 3.230163249187331775e+00
4.338059972461556946e+00 3.280438331167284449e+00
4.397181636985536990e+00 3.331808177554226980e+00
4.457109046759300419e+00 3.384297937811879375e+00
4.517853182958914360e+00 3.437933378880249968e+00
4.579425176418453702e+00 3.492740902289954263e+00
4.641836309669626459e+00 3.548747559147732211e+00
4.705098019009203547e+00 3.605981067535868778e+00
4.769221896594617149e+00 3.664469828990843947e+00
4.834219692568122007e+00 3.724242946033582857e+00
4.900103317209910436e+00 3.785330240352666298e+00
4.966884843120567439e+00 3.847762270396688944e+00
5.034576507433263792e+00 3.911570351352833264e+00
5.103190714056111688e+00 3.976786572906096939e+00
5.172740035945064818e+00 4.043443820905800123e+00
5.243237217407812345e+00 4.111575795558772839e+00
5.314695176439054869e+00 4.181217034617744410e+00
5.387127007087617159e+00 4.252402932264947033e+00
5.460545981855820408e+00 4.325169763683491375e+00
5.534965554131548338e+00 4.399554704919661496e+00
5.610399360653468115e+00 4.475595858589056064e+00
5.686861224009841287e+00 4.553332275167817578e+00
5.764365155171391919e+00 4.632803979439407804e+00
5.842925356058698227e+00 4.714051993780296712e+00
5.922556222144567784e+00 4.797118364896019393e+00
6.003272345091884787e+00 4.882046189662304414e+00
6.085088515427402811e+00 4.968879641799768265e+00
6.168019725251983054e+00 5.057664000624473744e+00
6.252081170987763947e+00 5.148445677667105258e+00
6.337288256162772804e+00 5.241272248222185404e+00
6.423656594233491113e+00 5.336192478365777703e+00
6.511202011445883286e+00 5.433256358909817507e+00
6.599940549735415551e+00 5.532515133401281204e+00
6.689888469666604109e+00 5.634021334040107298e+00
6.781062253412623697e+00 5.737828811376650684e+00
6.873478607775514782e+00 5.843992771465265079e+00
6.967154467247570260e+00 5.952569808327005774e+00
7.062106997114423912e+00 6.063617941382155152e+00
7.158353596600445456e+00 6.177196651776345249e+00
7.255911902056995544e+00 6.293366919386515157e+00
7.354799790194131326e+00 6.412191263545235387e+00
7.455035381356362123e+00 6.533733779819482557e+00
7.556637042843041385e+00 6.658060184593372455e+00
7.659623392274014897e+00 6.785237852656428537e+00
7.764013301001138956e+00 6.915335864783468622e+00
7.869825897566288475e+00 7.048425047364156093e+00
7.977080571206503379e+00 7.184578021662083813e+00
8.085796975406886133e+00 7.323869247337512434e+00
8.195995031501936978e+00 7.466375071661729201e+00
8.307694932325970782e+00 7.612173778721809114e+00
8.420917145913266566e+00 7.761345637661483998e+00
8.535682419248667330e+00 7.913972957855134993e+00
8.652011782069278567e+00 8.070140137049882867e+00
8.769926550717986657e+00 8.229933721214388598e+00
8.889448332049488144e+00 8.393442454635160033e+00
9.010599027389567084e+00 8.560757342354458288e+00
9.133400836548315027e+00 8.731971704982230520e+00
9.257876261888053904e+00 8.907181240977743997e+00
9.384048112446697232e+00 9.086484089013833199e+00
9.511939508117317033e+00 9.269980888652812112e+00
9.641573883884651863e+00 9.457774850437733249e+00
9.772974994119358882e+00 9.649971816552787018e+00
9.906166916930816413e+00 9.846680336404830314e+00
1.004117405857920353e+01 1.004801173072238640e+01
1.017802115794776086e+01 1.025408016882117757e+01
1.031673329107595016e+01 1.046500274067822644e+01
1.045733587575443480e+01 1.068089953222269450e+01
1.059985467618266242e+01 1.090189370787391177e+01
1.074431580768993655e+01 1.112811158418432456e+01
1.089074574152081709e+01 1.135968272036468463e+01
1.103917130968575044e+01 1.159673999504201092e+01
1.118961970987779431e+01 1.183941969953210460e+01
1.134211851045636799e+01 1.208786162390570063e+01
1.149669565549890748e+01 1.234220914769601585e+01
1.165337946992137397e+01 1.260260933901056291e+01
1.181219866466855706e+01 1.286921304287472090e+01
1.197318234197508957e+01 1.314217498987464694e+01
1.213636000069819332e+01 1.342165388905982404e+01
1.230176154172308145e+01 1.370781253834633340e+01
1.246941727344203699e+01 1.400081793045719536e+01
1.263935791730815694e+01 1.430084135911777388e+01
1.281161461346479769e+01 1.460805854021895911e+01
1.298621892645173581e+01 1.492264971713898625e+01
1.316320285098908727e+01 1.524479979026517107e+01
1.334259881784006652e+01 1.557469843206092897e+01
1.352443969975364091e+01 1.591254021404363428e+01
1.370875881748817982e+01 1.625852474082214272e+01
1.389558994591718388e+01 1.661285677185405874e+01
1.408496732021824549e+01 1.697574636988543517e+01
1.427692564214634174e+01 1.734740902920595573e+01
1.447150008639262353e+01 1.772806582472236769e+01
1.466872630702990854e+01 1.811794356069238177e+01
1.486864044404590146e+01 1.851727491241810242e+01
1.507127912996563168e+01 1.892629859459351849e+01
1.527667949656394164e+01 1.934525950664833616e+01
1.548487918166966715e+01 1.977440890487462255e+01
1.569591633606232861e+01 2.021400456978582127e+01
1.590982963046305265e+01 2.066431096940088707e+01
1.612665826262051638e+01 2.112559945053666155e+01
1.634644196449371378e+01 2.159814840465747210e+01
1.656922100953238441e+01 2.208224346418260708e+01
1.679503622005688257e+01 2.257817769387259688e+01
1.702392897473837508e+01 2.308625177632494996e+01
1.725594121618128796e+01 2.360677423052694834e+01
1.749111545860874983e+01 2.414006160201024898e+01
1.772949479565312103e+01 2.468643868417154508e+01
1.797112290825236514e+01 2.524623874046869787e+01
1.821604407265435199e+01 2.581980371258714513e+01
1.846430316852995901e+01 2.640748447059666759e+01
1.871594568719700646e+01 2.700964103310477071e+01
1.897101773995601448e+01 2.762664281354712159e+01
1.922956606653983513e+01 2.825886888027561739e+01
1.949163804367816155e+01 2.890670819035961259e+01
1.975728169377904209e+01 2.957055987286178578e+01
2.002654569372842985e+01 3.025083348898336766e+01
2.029947938380992767e+01 3.094794930142695932e+01
2.057613277674586172e+01 3.166233857884954972e+01
2.085655656686173742e+01 3.239444386365424577e+01
2.114080213937550567e+01 3.314471928466538486e+01
2.142892157981347978e+01 3.391363087125275655e+01
2.172096768355453023e+01 3.470165684505485615e+01
2.201699396550439403e+01 3.550928797130021763e+01
2.231705466990180753e+01 3.633702787640271481e+01
2.262120478025829584e+01 3.718539338422949214e+01
2.292950002943342369e+01 3.805491489070069377e+01
2.324199690984734801e+01 3.894613669523308630e+01
2.355875268383256937e+01 3.985961738545183408e+01
2.387982539412675820e+01 4.079593022850114892e+01
2.420527387450857049e+01 4.175566352922955105e+01
2.453515776057843567e+01 4.273942106155939769e+01
2.486953750068625624e+01 4.374782247059798124e+01
2.520847436700804778e+01 4.478150367634707862e+01
2.555203046677351608e+01 4.584111734146937067e+01
2.590026875364668868e+01 4.692733328890250277e+01
2.625325303926160814e+01 4.804083896084518557e+01
2.661104800491526490e+01 4.918233991559667118e+01
2.697371921341987644e+01 5.035256027113958055e+01
2.734133312111671898e+01 5.155224321986688807e+01
2.771395709005364338e+01 5.278215155457326091e+01
2.809165940032861997e+01 5.404306814655254954e+01
2.847450926260143689e+01 5.533579651689298373e+01
2.886257683077596781e+01 5.666116138976695993e+01
2.925593321485530751e+01 5.802000921786615351e+01
2.965465049397192132e+01 5.941320880764970980e+01
3.005880172959573571e+01 6.084165190164139858e+01
3.046846097892178307e+01 6.230625376163689566e+01
3.088370330844071887e+01 6.380795384552373406e+01
3.130460480769401244e+01 6.534771642436639638e+01
3.173124260321670675e+01 6.692653122904755492e+01
3.216369487267021299e+01 6.854541417934700576e+01
3.260204085916763717e+01 7.020540804268715362e+01
3.304636088579444220e+01 7.190758314748646285e+01
3.349673637032691431e+01 7.365303816774293466e+01
3.395324984015129388e+01 7.544290083032086613e+01
3.441598494738614278e+01 7.727832869736019461e+01
3.488502648421098939e+01 7.916051001153675770e+01
3.536046039840359612e+01 8.109066445856458927e+01
3.584237380908925985e+01 8.307004402075776284e+01
3.633085502270457567e+01 8.509993388953168392e+01
3.682599354917886103e+01 8.718165328987150531e+01
3.732788011833603292e+01 8.931655640700890331e+01
3.783660669652009290e+01 9.150603337378699109e+01
3.835226650344713306e+01 9.375151116445559296e+01
3.887495402928703925e+01 9.605445459602752578e+01
3.940476505197801771e+01 9.841636739899361430e+01
3.994179665477703622e+01 1.008387931891259370e+02
4.048614724404949783e+01 1.033233165442182582e+02
4.103791656730137305e+01 1.058715641672707619e+02
4.159720573145700939e+01 1.084852059471868557e+02
4.216411722138615659e+01 1.111659561103316207e+02
4.273875491868338372e+01 1.139155744853969878e+02
4.332122412070347650e+01 1.167358676670912416e+02
4.391163155985629629e+01 1.196286902407020989e+02
4.451008542316452576e+01 1.225959461568916566e+02
4.511669537208803860e+01 1.256395900163719261e+02
4.573157256261835357e+01 1.287616283655812595e+02
4.635482966564705265e+01 1.319641211872893507e+02
4.698658088761172280e+01 1.352491833270390487e+02
4.762694199142328699e+01 1.386189858616258448e+02
4.827603031767853992e+01 1.420757577082684406e+02
4.893396480616181066e+01 1.456217872100183683e+02
4.960086601763965319e+01 1.492594235913715295e+02
5.027685615595251534e+01 1.529910786859499581e+02
5.096205909040755699e+01 1.568192286802904789e+02
5.165660037847662522e+01 1.607464157046963749e+02
5.236060728880354986e+01 1.647752496516764609e+02
5.307420882452504429e+01 1.689084100922198388e+02
5.379753574690936091e+01 1.731486480492553710e+02
5.453072059931720617e+01 1.774987878809819790e+02
5.527389773148910734e+01 1.819617293772369351e+02
5.602720332416388516e+01 1.865404497649981010e+02
5.679077541403253804e+01 1.912380056494220923e+02
5.756475391903229877e+01 1.960575352847606609e+02
5.834928066398537538e+01 2.010022608340517536e+02
5.914449940658708726e+01 2.060754904228134876e+02
5.995055586374823520e+01 2.112806205532617128e+02
6.076759773829646605e+01 2.166211385910574734e+02
6.159577474604150638e+01 2.221006250757459668e+02
6.243523864320927430e+01 2.277227561830100058e+02
6.328614325424993581e+01 2.334913064541333654e+02
6.414864450002482954e+01 2.394101514494466869e+02
6.502290042637766021e+01 2.454832702480594833e+02
6.590907123309499127e+01 2.517147484079370372e+02
6.680731930326149381e+01 2.581087809365621411e+02
6.771780923301518840e+01 2.646696750182188680e+02
6.864070786170825045e+01 2.714018530648428396e+02
6.957618430247900676e+01 2.783098559878962419e+02
7.052440997324022476e+01 2.853983463583472826e+02
7.148555862809010364e+01 2.926721114494359881e+02
7.245980638915115435e+01 3.001360668093832373e+02
7.344733177884306485e+01 3.077952598395475547e+02
7.444831575259532030e+01 3.156548730748460798e+02
7.546294173200581668e+01 3.237202278638364419e+02
7.649139563845116641e+01 3.319967883058592406e+02
7.753386592715521886e+01 3.404901651016456299e+02
7.859054362172186359e+01 3.492061191822197088e+02
7.966162234913838347e+01 3.581505660086140779e+02
8.074729837525595144e+01 3.673295798966423718e+02
8.184777064075362318e+01 3.767493980514620375e+02
8.296324079759253323e+01 3.864164248799338566e+02
8.409391324596678885e+01 3.963372367482739378e+02
8.523999517175803931e+01 4.065185867546599070e+02
8.640169658450055579e+01 4.169674090382735017e+02
8.757923035586355809e+01 4.276908238709395391e+02
8.877281225865814918e+01 4.386961428971397368e+02
8.998266100637579257e+01 4.499908742439543516e+02
9.120899829326563690e+01 4.615827274302588421e+02
9.245204883495809156e+01 4.734796191439239692e+02
9.371204040964198612e+01 4.856896790397153154e+02
9.498920389980293066e+01 4.982212551877654505e+02
9.628377333453055087e+01 5.110829197953580660e+02
9.759598593240225739e+01 5.242834756019327642e+02
9.892608214495149355e+01 5.378319623375672336e+02
1.002743057007284335e+02 5.517376625685665203e+02
1.016409036499608618e+02 5.660101083438468095e+02
1.030261264098244283e+02 5.806590882413053123e+02
1.044302278103292139e+02 5.956946545125707644e+02
1.058534651408315739e+02 6.111271294924981703e+02
1.072960991971804248e+02 6.269671131940322084e+02
1.087583943295060465e+02 6.432254911055870252e+02
1.102406184906596849e+02 6.599134420363392337e+02
1.117430432853134050e+02 6.770424452763471663e+02
1.132659440197294600e+02 6.946242891502949988e+02
1.148095997522080154e+02 7.126710796707020563e+02
1.163742933442219538e+02 7.311952491730312431e+02
1.179603115122484525e+02 7.502095643403989698e+02
1.195679448803076212e+02 7.697271357693788332e+02
1.211974880332169988e+02 7.897614275855111146e+02
1.228492395705714557e+02 8.103262670071879938e+02
1.245235021614586799e+02 8.314358533064704488e+02
1.262205825999209168e+02 8.531047684705596339e+02
1.279407918611725847e+02 8.753479878910615071e+02
1.296844451585834861e+02 8.981808910387251217e+02
1.314518620014387125e+02 9.216192714087766262e+02
1.332433662534860446e+02 9.456793483782381600e+02
1.350592861922816610e+02 9.703777790885005743e+02
1.368999545693435493e+02 9.957316704539234706e+02
1.387657086711257080e+02 1.021758590139432954e+03
1.406568903808224604e+02 1.048476579708937834e+03
1.425738462410159286e+02 1.075904167838964668e+03
1.445169275171771517e+02 1.104060383907010419e+03
1.464864902620321914e+02 1.132964770096609527e+03
1.484828953808054166e+02 1.162637395887591993e+03
1.505065086973524444e+02 1.193098872791550093e+03
1.525577010211945606e+02 1.224370369708205999e+03
1.546368482154661024e+02 1.256473626422168309e+03
1.567443312657875651e+02 1.289430969361554844e+03
1.588805363500784438e+02 1.323265328194979247e+03
1.610458549093211502e+02 1.358000252862978869e+03
1.632406837192889668e+02 1.393659929163648030e+03
1.654654249632512801e+02 1.430269195523497729e+03
1.677204863056706188e+02 1.467853561718342235e+03
1.700062809669038586e+02 1.506439227611971319e+03
1.723232277989209820e+02 1.546053101546220205e+03
1.746717513620557156e+02 1.586722817999341260e+03
1.770522820028027695e+02 1.628476758466968477e+03
1.794652559326755465e+02 1.671344072168476259e+03
1.819111153081377381e+02 1.715354697686475902e+03
1.843903083116241248e+02 1.760539381913818261e+03
1.869032892336667544e+02 1.806929702737373418e+03
1.894505185561398264e+02 1.854558092446295859e+03
1.920324630366387737e+02 1.903457861934478387e+03
1.946495957940091159e+02 1.953663222879298019e+03
1.973023963950416544e+02 2.005209311258859771e+03
1.999913509423494702e+02 2.058132213941929876e+03
2.027169521634414764e+02 2.112468995027779783e+03
2.054796995010100886e+02 2.168257723013477516e+03
2.082800992044501243e+02 2.225537494991898257e+03
2.111186644226250451e+02 2.284348465833688806e+03
2.139959152978966301e+02 2.344731877837907177e+03
2.169123790614360132e+02 2.406730091679126872e+03
2.198685901298346721e+02 2.470386614540543633e+03
2.228650902030321390e+02 2.535746130013319544e+03
2.259024283635772292e+02 2.602854531965567276e+03
2.289811611772422850e+02 2.671758957908188222e+03
2.321018527950093642e+02 2.742507824327961316e+03
2.352650750564466193e+02 2.815150857139716209e+03
2.384714075944922058e+02 2.889739128304289807e+03
2.417214379416668066e+02 2.966325094039541455e+03
2.450157616377339878e+02 3.044962633556253877e+03
2.483549823388284779e+02 3.125707087146541653e+03
2.517397119280701929e+02 3.208615292230433170e+03
2.551705706276860894e+02 3.293745626284891841e+03
2.586481871126609917e+02 3.381158049651929105e+03
2.621731986259371752e+02 3.470914151020552708e+03
2.657462510951834247e+02 3.563077188020561152e+03
2.693679992511546857e+02 3.657712130760162836e+03
2.730391067476665512e+02 3.754885711142335822e+03
2.767602462832046513e+02 3.854666471188024843e+03
2.805320997241898340e+02 3.957124815685316207e+03
2.843553582299247751e+02 4.062333056578089781e+03
2.882307223792421382e+02 4.170365464754027926e+03
2.921589022988802640e+02 4.281298326283686038e+03
2.961406177936078734e+02 4.395209997616896544e+03
3.001765984781219458e+02 4.512180965460459447e+03
3.042675839107423030e+02 4.632293896954525735e+03
3.084143237289299009e+02 4.755633699955855263e+03
3.126175777866520775e+02 4.882287587202652503e+03
3.168781162936188593e+02 5.012345139473462950e+03
3.211967199564148814e+02 5.145898373832530524e+03
3.255741801215609712e+02 5.283041800841245276e+03
3.300112989205188683e+02 5.423872493885087351e+03
3.345088894166763112e+02 5.568490162529520603e+03
3.390677757543308530e+02 5.716997224611224738e+03
3.436887933097114569e+02 5.869498884759986140e+03
3.483727888440511151e+02 6.026103199608900468e+03
3.531206206587497149e+02 6.186921156809000422e+03
3.579331587526477279e+02 6.352066759062295205e+03
3.628112849814499441e+02 6.521657106206721437e+03
3.677558932193150554e+02 6.695812486265743246e+03
3.727678895226520694e+02 6.874656450050405510e+03
3.778481922961436794e+02 7.058315900253747714e+03
3.829977324610409255e+02 7.246921187719131012e+03
3.882174536257433033e+02 7.440606205316878004e+03
3.935083122587073490e+02 7.639508492760316585e+03
3.988712778637121801e+02 7.843769324155144204e+03
4.043073331575092197e+02 8.053533806566327257e+03
4.098174742499014656e+02 8.268950989875833329e+03
4.154027108262686170e+02 8.490173976254405716e+03
4.210640663325848436e+02 8.717360036262320136e+03
4.268025781629528979e+02 8.950670718000863417e+03
4.326192978497028321e+02 9.190271952635732305e+03
4.385152912560723166e+02 9.436334179415407561e+03
4.444916387715190922e+02 9.689032473526971444e+03
4.505494355096889763e+02 9.948546673422564709e+03
4.566897915090912647e+02 1.021506151826891983e+04
4.629138319365003440e+02 1.048876676141533972e+04
4.692226972931342175e+02 1.076985731040065548e+04
4.756175436236378573e+02 1.105853337476432534e+04
4.820995427279239607e+02 1.135500060960990049e+04
4.886698823758910635e+02 1.165947027839366274e+04
4.953297665250744330e+02 1.197215938803786412e+04
5.020804155412562864e+02 1.229329083827264549e+04
5.089230664220936546e+02 1.262309358989173234e+04
5.158589730237831645e+02 1.296180283578911076e+04
5.228894062908212845e+02 1.330966017284780173e+04
5.300156544888899361e+02 1.366691378638402421e+04
5.372390234409258483e+02 1.403381860189424515e+04
5.445608367663974150e+02 1.441063647357226728e+04
5.519824361238482879e+02 1.479763638271634954e+04
5.595051814567406154e+02 1.519509463217438133e+04
5.671304512426589781e+02 1.560329506206245787e+04
5.748596427459001461e+02 1.602252924097616051e+04
5.826941722735120948e+02 1.645309665832035535e+04
5.906354754348152483e+02 1.689530494969748906e+04
5.986850074044718895e+02 1.734947012960489155e+04
6.068442431891302249e+02 1.781591681593895191e+04
6.151146778977085887e+02 1.829497849252235392e+04
6.234978270153560516e+02 1.878699771262095601e+04
6.319952266811595791e+02 1.929232634104405224e+04
6.406084339696233201e+02 1.981132581947589279e+04
6.493390271759910775e+02 2.034436743776334333e+04
6.581886061054499351e+02 2.089183260071245604e+04
6.671587923662891626e+02 2.145411313227552819e+04
6.762512296670395244e+02 2.203161150954627738e+04
6.854675841176723452e+02 2.262474115534888188e+04
6.948095445348932344e+02 2.323392675027418954e+04
7.042788227516119832e+02 2.385960454953683075e+04
7.138771539306150089e+02 2.450222269986728134e+04
7.236062968825219741e+02 2.516224159249704098e+04
7.334680343880667124e+02 2.584013413744419813e+04
7.434641735247846555e+02 2.653638611044835852e+04
7.535965459981387085e+02 2.725149651960523624e+04
7.638670084771661095e+02 2.798597797767467637e+04
7.742774429346906118e+02 2.874035707346467098e+04
7.848297569921868444e+02 2.951517479062996426e+04
7.955258842693294810e+02 3.031098682756351991e+04
8.063677847383136168e+02 3.112836400397809120e+04
8.173574450830038813e+02 3.196789269131251785e+04
8.284968790629708337e+02 3.283017525305378513e+04
8.397881278825045683e+02 3.371583047346465901e+04
8.512332605646412276e+02 3.462549406505153456e+04
8.628343743302965549e+02 3.555981904180023412e+04
8.745935949825565103e+02 3.651947618879189395e+04
8.865130772962224910e+02 3.750515456704457029e+04
8.985950054126487885e+02 3.851756203531689243e+04
9.108415932399698249e+02 3.955742574579596112e+04
9.232550848587734436e+02 4.062549275165158906e+04
9.358377549333191610e+02 4.172253046455104777e+04
9.485919091283440139e+02 4.284932718014613783e+04
9.615198845315588869e+02 4.400669266975278879e+04
9.746240500818917099e+02 4.519545879330544267e+04
9.879068070035867777e+02 4.641648010094584606e+04
1.001370589246200211e+03 4.767063449499990384e+04
1.015017863930604108e+03 4.895882387078353349e+04
1.028851131801056908e+03 5.028197466683175298e+04
1.042872927683454918e+03 5.164103855583391851e+04
1.057085820949808976e+03 5.303699316220582841e+04
1.071492415989064511e+03 5.447084279697800957e+04
1.086095352684323188e+03 5.594361916356573056e+04
1.100897306896592454e+03 5.745638223064369959e+04
1.115900990955104589e+03 5.901022084457956225e+04
1.131109154154332145e+03 6.060625350128882565e+04
1.146524583257762970e+03 6.224562918571788759e+04
1.162150103008564201e+03 6.392952824132046226e+04
1.177988576647182754e+03 6.565916322560173285e+04
1.194042906436013254e+03 6.743577983951717033e+04
1.210316034191203926e+03 6.926065787154326972e+04
1.226810941821731603e+03 7.113511195335732191e+04
1.243530651875802960e+03 7.306049253586957639e+04
1.260478228094713131e+03 7.503818690527908620e+04
1.277656775974240873e+03 7.706962023526712437e+04
1.295069443333718027e+03 7.915625657702649187e+04
1.312719420892830385e+03 8.129960009526209615e+04
1.330609942856294538e+03 8.350119603748933878e+04
1.348744287506486216e+03 8.576263173374482722e+04
1.367125777804174049e+03 8.808553778341980069e+04
1.385757781997411712e+03 9.047158928380387079e+04
1.404643714238746270e+03 9.292250709712914249e+04
1.423787035210820022e+03 9.544005903237804887e+04
1.443191252760527732e+03 9.802606139066031028e+04
1.462859922541787455e+03 1.006823800417104067e+05
1.482796648667089130e+03 1.034109316858225211e+05
1.503005084367905511e+03 1.062136852874870820e+05
1.523488932664131198e+03 1.090926635593266983e+05
1.544251947042618895e+03 1.120499444911529572e+05
1.565297932144974993e+03 1.150876627706754080e+05
1.586630744464730242e+03 1.182080116707897832e+05
1.608254293053996435e+03 1.214132443341425678e+05
1.630172540239784439e+03 1.247056752960300073e+05
1.652389502350054272e+03 1.280876822145095502e+05
1.674909250449678439e+03 1.315617076609333744e+05
1.697735911086415626e+03 1.351302609725928924e+05
1.720873667047084155e+03 1.387959199647203204e+05
1.744326758124009530e+03 1.425613331864085631e+05
1.768099481891934602e+03 1.464292215812258073e+05
1.792196194495499185e+03 1.504023802371648781e+05
1.816621311447487415e+03 1.544836804726019909e+05
1.841379308437916961e+03 1.586760719945678720e+05
1.866474722154178608e+03 1.629825851333375322e+05
1.891912151112328274e+03 1.674063329957356618e+05
1.917696256499748870e+03 1.719505139256905240e+05
1.943831763029256763e+03 1.766184139587402751e+05
1.970323459804872073e+03 1.814134086821638048e+05
1.997176201199363732e+03 1.863389657362010912e+05
2.024394907743796466e+03 1.913986474131149007e+05
2.051984567029157461e+03 1.965961133472008514e+05
2.079950234620298943e+03 2.019351232498412719e+05
2.108297034982308105e+03 2.074195394926407607e+05
2.137030162419546286e+03 2.130533306286608567e+05
2.166154882027444728e+03 2.188405735201354837e+05
2.195676530657293824e+03 2.247854561837004439e+05
2.225600517894157747e+03 2.308922809175939765e+05
2.255932327048162279e+03 2.371654675368888129e+05
2.286677516159242259e+03 2.436095567226597050e+05
2.317841719015616945e+03 2.502292132320889214e+05
2.349430646186110152e+03 2.570292295938923780e+05
2.381450086066594395e+03 2.640145298830674728e+05
2.413905905940641333e+03 2.711901724146353663e+05
2.446804053054664109e+03 2.785613534815335879e+05
2.480150555707674357e+03 2.861334112425071653e+05
2.513951524355948095e+03 2.939118297447429504e+05
2.548213152732694198e+03 3.019022430873325793e+05
2.582941718983009650e+03 3.101104391880861949e+05
2.618143586814276205e+03 3.185423649985287338e+05
2.653825206662284927e+03 3.272041303343251930e+05
2.689993116873202325e+03 3.361020116016597603e+05
2.726653944901674095e+03 3.452424564667083905e+05
2.763814408525228828e+03 3.546320886839089799e+05
2.801481317075284096e+03 3.642777130915691378e+05
2.839661572684874500e+03 3.741863207716810866e+05
2.878362171553420922e+03 3.843650936450196314e+05
2.917590205228696959e+03 3.948214112078491016e+05
2.957352861906330872e+03 4.055628549552694894e+05
2.997657427746954454e+03 4.165972131392492447e+05
3.038511288211342617e+03 4.279324865614247392e+05
3.079921929413708312e+03 4.395768945622877218e+05
3.121896939493505670e+03 4.515388812172689941e+05
3.164444010005865493e+03 4.638271217504524975e+05
3.207570937331011919e+03 4.764505282695965725e+05
3.251285624102888960e+03 4.894182579031488276e+05
3.295596080657220227e+03 5.027397188417542493e+05
3.340510426499376081e+03 5.164245758663745946e+05
3.386036891792173719e+03 5.304827575271618553e+05
3.432183818863997203e+03 5.449244635641948553e+05
3.478959663737427945e+03 5.597601725828483468e+05
3.526372997678780393e+03 5.750006499975881306e+05
3.574432508768682965e+03 5.906569555982814636e+05
3.623147003494107594e+03 6.067404521772959270e+05
3.672525408362052531e+03 6.232628152934095124e+05
3.722576771535291755e+03 6.402360390351345995e+05
3.773310264490341524e+03 6.576724447972845519e+05
3.824735183698069250e+03 6.755846904654781101e+05
3.876860952327159794e+03 6.939857799126978498e+05
3.929697121970876651e+03 7.128890728245569626e+05
3.983253374397274001e+03 7.323082947527389042e+05
4.037539523323317098e+03 7.522575459139168961e+05
4.092565516213122919e+03 7.727513154356550658e+05
4.148341436100799001e+03 7.938044889257759787e+05
4.204877503438037820e+03 8.154323581223310903e+05
4.262184077966941913e+03 8.376506322502611438e+05
4.320271660618321221e+03 8.604754497588271042e+05
4.379150895435950588e+03 8.839233904597946675e+05
4.438832571526963875e+03 9.080114880877644755e+05
4.499327625038879887e+03 9.327572425641949521e+05
4.560647141163520246e+03 9.581786324724700535e+05
4.622802356168330334e+03 9.842941325631567743e+05
4.685804659455287947e+03 1.011122722066882416e+06
4.749665595647936243e+03 1.038683898183669313e+06
4.814396866706791116e+03 1.066997690577477915e+06
4.880010334073683225e+03 1.096084676357345656e+06
4.946518020845227511e+03 1.125965995570493396e+06
5.013932113975969514e+03 1.156663367234868929e+06
5.082264966511495913e+03 1.188199104565745452e+06
5.151529099852086802e+03 1.220596131901654415e+06
5.221737206047110703e+03 1.253878006228198064e+06
5.292902150120753504e+03 1.288068927597799571e+06
5.365036972429380512e+03 1.323193756615072722e+06
5.438154891051128288e+03 1.359278032913876930e+06
5.512269304207965433e+03 1.396347994252862642e+06
5.587393792720817146e+03 1.434430596261827508e+06
5.663542122498090976e+03 1.473553532873443794e+06
5.740728247058224952e+03 1.513745256153359544e+06
5.818966310086503654e+03 1.555034996317841578e+06
5.898270648026788876e+03 1.597452791589545552e+06
5.978655792708500485e+03 1.641029500768954167e+06
6.060136474009518679e+03 1.685796824973112205e+06
6.142727622555261405e+03 1.731787331160655478e+06
6.226444372454597215e+03 1.779034476439187769e+06
6.311302064073056499e+03 1.827572633195375092e+06
6.397316246843767658e+03 1.877437115091094514e+06
6.484502682116831238e+03 1.928664203682718333e+06
6.572877346047400351e+03 1.981291170296140714e+06
6.662456432523197691e+03 2.035356316885880893e+06
6.753256356131847497e+03 2.090898995482686907e+06
6.845293755168793723e+03 2.147959632152021397e+06
6.938585494686060883e+03 2.206579756912226789e+06
7.033148669582662478e+03 2.266802034637319390e+06
7.129000607737030805e+03 2.328670296994260512e+06
7.226158873182287607e+03 2.392229575468691066e+06
7.324641269324641144e+03 2.457526135536716320e+06
7.424465842205738227e+03 2.524607508962354623e+06
7.525650883809380502e+03 2.593522528529408854e+06
7.628214935413463536e+03 2.664321378727218136e+06
7.732176790987443383e+03 2.737055614936430473e+06
7.837555500636199213e+03 2.811778200025519822e+06
7.944370374090734913e+03 2.888543543595875148e+06
8.052640984246616426e+03 2.967407542521476280e+06
8.162387170750468613e+03 3.048427622848821804e+06
8.273629043635452035e+03 3.131662783128163777e+06
8.386386987006182608e+03 3.217173639252035413e+06
8.500681662774042707e+03 3.305022464380193502e+06
8.616534014443233900e+03 3.395273241077008191e+06
8.733965270948516263e+03 3.487991721493587364e+06
8.852996950545164509e+03 3.583245452949214727e+06
8.973650864752102279e+03 3.681103827084818855e+06
9.095949122348603851e+03 3.781638131274051499e+06
9.219914133425570981e+03 3.884921601726659108e+06
9.345568613491914221e+03 3.991029478369820863e+06
9.472935587637077333e+03 4.100039061599886511e+06
9.602038394750123189e+03 4.212029771003323607e+06
9.732900691796407045e+03 4.327083207778619602e+06
9.865546458152435662e+03 4.445283214676135220e+06
1.000000000000000000e+04 4.566715923535301350e+06
