# z  rho_DE/rho_DE0 (pre-registered shape, Mmin=1e10)
0.000000000000000000e+00 1.000000000000000000e+00
5.000000000000000104e-03 9.985931274599185725e-01
1.000000000000000021e-02 9.971834675803382675e-01
1.499999999999999944e-02 9.957710563473679555e-01
2.000000000000000042e-02 9.943559300541792156e-01
2.500000000000000139e-02 9.929381252888617171e-01
2.999999999999999889e-02 9.915176789221411546e-01
3.500000000000000333e-02 9.900946278827039704e-01
4.000000000000000083e-02 9.886689774203983871e-01
4.499999999999999833e-02 9.872407395979836409e-01
5.000000000000000278e-02 9.858100120128618915e-01
5.500000000000000028e-02 9.843768345633506778e-01
5.999999999999999778e-02 9.829412470567634452e-01
6.500000000000000222e-02 9.815032892025025157e-01
7.000000000000000666e-02 9.800630006049585452e-01
7.499999999999999722e-02 9.786204207562192448e-01
8.000000000000000167e-02 9.771755890285828139e-01
8.500000000000000611e-02 9.757285446668823026e-01
8.999999999999999667e-02 9.742793267806154622e-01
9.500000000000000111e-02 9.728279743358835274e-01
1.000000000000000056e-01 9.713745261471388170e-01
1.049999999999999961e-01 9.699190208687394898e-01
1.100000000000000006e-01 9.684614969863156730e-01
1.150000000000000050e-01 9.670019928079401916e-01
1.199999999999999956e-01 9.655405464551146677e-01
1.250000000000000000e-01 9.640771958535604425e-01
1.300000000000000044e-01 9.626119787238217596e-01
1.350000000000000089e-01 9.611449167686467732e-01
1.400000000000000133e-01 9.596760156998791480e-01
1.449999999999999900e-01 9.582053563408321484e-01
1.499999999999999944e-01 9.567329758814012708e-01
1.549999999999999989e-01 9.552589112621171497e-01
1.600000000000000033e-01 9.537831991636800399e-01
1.650000000000000078e-01 9.523058759963130004e-01
1.700000000000000122e-01 9.508269778889257839e-01
1.750000000000000167e-01 9.493465406780948745e-01
1.799999999999999933e-01 9.478645142326860284e-01
1.849999999999999978e-01 9.463810098847443841e-01
1.900000000000000022e-01 9.448960719031964661e-01
1.950000000000000067e-01 9.434097352791248614e-01
2.000000000000000111e-01 9.419220346595776894e-01
2.050000000000000155e-01 9.404329825459284420e-01
2.099999999999999922e-01 9.389425494277511275e-01
2.149999999999999967e-01 9.374508558587725249e-01
2.200000000000000011e-01 9.359579354536073925e-01
2.250000000000000056e-01 9.344638214271597798e-01
2.300000000000000100e-01 9.329684862555227554e-01
2.350000000000000144e-01 9.314719729368493573e-01
2.399999999999999911e-01 9.299743669956392900e-01
2.449999999999999956e-01 9.284757004129515767e-01
2.500000000000000000e-01 9.269759518972648937e-01
2.550000000000000044e-01 9.254751488632007028e-01
2.600000000000000089e-01 9.239733839121004877e-01
2.650000000000000133e-01 9.224706876245761800e-01
2.700000000000000178e-01 9.209670028508241124e-01
2.750000000000000222e-01 9.194624309685531793e-01
2.800000000000000266e-01 9.179570192908131920e-01
2.850000000000000311e-01 9.164507407777170434e-01
2.899999999999999800e-01 9.149436143878337813e-01
2.949999999999999845e-01 9.134357318545475168e-01
2.999999999999999889e-01 9.119270928609035654e-01
3.049999999999999933e-01 9.104176887083736958e-01
3.099999999999999978e-01 9.089076202812880201e-01
3.150000000000000022e-01 9.073968842528310486e-01
3.200000000000000067e-01 9.058854818049479896e-01
3.250000000000000111e-01 9.043735018803690240e-01
3.300000000000000155e-01 9.028609276885457557e-01
3.350000000000000200e-01 9.013477941198363430e-01
3.400000000000000244e-01 8.998341647961022316e-01
3.450000000000000289e-01 8.983200066643427517e-01
3.500000000000000333e-01 8.968053968202522874e-01
3.549999999999999822e-01 8.952903526427051784e-01
3.599999999999999867e-01 8.937748752801782937e-01
3.649999999999999911e-01 8.922590316323621984e-01
3.699999999999999956e-01 8.907428076745909085e-01
3.750000000000000000e-01 8.892262580587153575e-01
3.800000000000000044e-01 8.877093983005884814e-01
3.850000000000000089e-01 8.861922489311842011e-01
3.900000000000000133e-01 8.846748482165202043e-01
3.950000000000000178e-01 8.831572027872469643e-01
4.000000000000000222e-01 8.816393536933840869e-01
4.050000000000000266e-01 8.801213148693127764e-01
4.100000000000000311e-01 8.786031151940844053e-01
4.150000000000000355e-01 8.770847770848752001e-01
4.199999999999999845e-01 8.755663235895926322e-01
4.249999999999999889e-01 8.740477779658225588e-01
4.299999999999999933e-01 8.725291648276047862e-01
4.349999999999999978e-01 8.710105026270167361e-01
4.400000000000000022e-01 8.694918214194896633e-01
4.450000000000000067e-01 8.679731327242679040e-01
4.500000000000000111e-01 8.664544723980495133e-01
4.550000000000000155e-01 8.649358464118123146e-01
4.600000000000000200e-01 8.634172932748583884e-01
4.650000000000000244e-01 8.618988182994127278e-01
4.700000000000000289e-01 8.603804559972885180e-01
4.750000000000000333e-01 8.588622194091829476e-01
4.799999999999999822e-01 8.573441289053301828e-01
4.849999999999999867e-01 8.558262171322522649e-01
4.899999999999999911e-01 8.543084766883098924e-01
4.949999999999999956e-01 8.527909751853668396e-01
5.000000000000000000e-01 8.512736603416132253e-01
5.050000000000000044e-01 8.497566535675351584e-01
5.100000000000000089e-01 8.482398618015878355e-01
5.150000000000000133e-01 8.467234085168112712e-01
5.200000000000000178e-01 8.452072318192331846e-01
5.250000000000000222e-01 8.436913924673203891e-01
5.300000000000000266e-01 8.421759130335971788e-01
5.350000000000000311e-01 8.406607540066105555e-01
5.400000000000000355e-01 8.391460529523091516e-01
5.450000000000000400e-01 8.376316916751257446e-01
5.500000000000000444e-01 8.361177951704774625e-01
5.550000000000000488e-01 8.346043285545993173e-01
5.600000000000000533e-01 8.330912793291024299e-01
5.650000000000000577e-01 8.315787860182204394e-01
5.700000000000000622e-01 8.300667194925752668e-01
5.750000000000000666e-01 8.285551985492152216e-01
5.799999999999999600e-01 8.270442185733402063e-01
5.849999999999999645e-01 8.255337158753149884e-01
5.899999999999999689e-01 8.240238791704572741e-01
5.949999999999999734e-01 8.225145745188113811e-01
5.999999999999999778e-01 8.210058263901708342e-01
6.049999999999999822e-01 8.194977942998398213e-01
6.099999999999999867e-01 8.179903248505243640e-01
6.149999999999999911e-01 8.164834949108242812e-01
6.199999999999999956e-01 8.149774061311750861e-01
6.250000000000000000e-01 8.134719284055187405e-01
6.300000000000000044e-01 8.119671469967275623e-01
6.350000000000000089e-01 8.104631412299451165e-01
6.400000000000000133e-01 8.089597883923164146e-01
6.450000000000000178e-01 8.074571667708390077e-01
6.500000000000000222e-01 8.059553839565192224e-01
6.550000000000000266e-01 8.044543003743900300e-01
6.600000000000000311e-01 8.029539550595981012e-01
6.650000000000000355e-01 8.014545375339942046e-01
6.700000000000000400e-01 7.999558643960891224e-01
6.750000000000000444e-01 7.984579491537127094e-01
6.800000000000000488e-01 7.969609883751280766e-01
6.850000000000000533e-01 7.954648620996311870e-01
6.900000000000000577e-01 7.939695374367338188e-01
6.950000000000000622e-01 7.924751045249914805e-01
7.000000000000000666e-01 7.909816567268450616e-01
7.049999999999999600e-01 7.894890530628304592e-01
7.099999999999999645e-01 7.879973064322252085e-01
7.149999999999999689e-01 7.865065931547733369e-01
7.199999999999999734e-01 7.850168360613766216e-01
7.249999999999999778e-01 7.835279770213561257e-01
7.299999999999999822e-01 7.820400285813577934e-01
7.349999999999999867e-01 7.805532081344357387e-01
7.399999999999999911e-01 7.790673561537730940e-01
7.449999999999999956e-01 7.775824542589894195e-01
7.500000000000000000e-01 7.760985146307196603e-01
7.550000000000000044e-01 7.746157423953523580e-01
7.600000000000000089e-01 7.731340003644646686e-01
7.650000000000000133e-01 7.716532585227616758e-01
7.700000000000000178e-01 7.701735286724378238e-01
7.750000000000000222e-01 7.686949424139576381e-01
7.800000000000000266e-01 7.672175054934872174e-01
7.850000000000000311e-01 7.657411168984491479e-01
7.900000000000000355e-01 7.642657880411720672e-01
7.950000000000000400e-01 7.627915302589253210e-01
8.000000000000000444e-01 7.613185617359948809e-01
8.050000000000000488e-01 7.598467097882696253e-01
8.100000000000000533e-01 7.583759633141915479e-01
8.150000000000000577e-01 7.569063332478512818e-01
8.200000000000000622e-01 7.554378304445650283e-01
8.250000000000000666e-01 7.539706709942332052e-01
8.300000000000000711e-01 7.525046784179024728e-01
8.349999999999999645e-01 7.510398455354928560e-01
8.399999999999999689e-01 7.495761827874460881e-01
8.449999999999999734e-01 7.481137005320669386e-01
8.499999999999999778e-01 7.466525108437480629e-01
8.549999999999999822e-01 7.451926346902534304e-01
8.599999999999999867e-01 7.437339694675925150e-01
8.649999999999999911e-01 7.422765251091885119e-01
8.699999999999999956e-01 7.408203114633328257e-01
8.750000000000000000e-01 7.393653382925450268e-01
8.800000000000000044e-01 7.379117020151489958e-01
8.850000000000000089e-01 7.364594409946062514e-01
8.900000000000000133e-01 7.350084485298877812e-01
8.950000000000000178e-01 7.335587339484002101e-01
9.000000000000000222e-01 7.321103064892339196e-01
9.050000000000000266e-01 7.306631753026061604e-01
9.100000000000000311e-01 7.292173494493133790e-01
9.150000000000000355e-01 7.277729416708557109e-01
9.200000000000000400e-01 7.263299389700981212e-01
9.250000000000000444e-01 7.248882669541617529e-01
9.300000000000000488e-01 7.234479342394771750e-01
9.350000000000000533e-01 7.220089493510492007e-01
9.400000000000000577e-01 7.205713207219980321e-01
9.450000000000000622e-01 7.191350566931092869e-01
9.500000000000000666e-01 7.177001655124006785e-01
9.550000000000000711e-01 7.162667289893497324e-01
9.599999999999999645e-01 7.148347709727204125e-01
9.649999999999999689e-01 7.134042080577213119e-01
9.699999999999999734e-01 7.119750480411657367e-01
9.749999999999999778e-01 7.105472986257257428e-01
9.799999999999999822e-01 7.091209674195843027e-01
9.849999999999999867e-01 7.076960619361001292e-01
9.899999999999999911e-01 7.062725895934891529e-01
9.949999999999999956e-01 7.048505577145165457e-01
1.000000000000000000e+00 7.034299735262029563e-01
1.005000000000000115e+00 7.020108659402249929e-01
1.010000000000000009e+00 7.005933289617406468e-01
1.015000000000000124e+00 6.991772581215106586e-01
1.020000000000000018e+00 6.977626601922474192e-01
1.024999999999999911e+00 6.963495418503448109e-01
1.030000000000000027e+00 6.949379096756782559e-01
1.034999999999999920e+00 6.935277701514128701e-01
1.040000000000000036e+00 6.921191296638287138e-01
1.044999999999999929e+00 6.907119945021604757e-01
1.050000000000000044e+00 6.893063708584483695e-01
1.054999999999999938e+00 6.879022648274045748e-01
1.060000000000000053e+00 6.864996833849276170e-01
1.064999999999999947e+00 6.850986339190452412e-01
1.070000000000000062e+00 6.836991224515969190e-01
1.074999999999999956e+00 6.823011544970623010e-01
1.080000000000000071e+00 6.809047354899628868e-01
1.084999999999999964e+00 6.795098707848361563e-01
1.090000000000000080e+00 6.781166357578324311e-01
1.094999999999999973e+00 6.767249623891996579e-01
1.100000000000000089e+00 6.753348551940429045e-01
1.104999999999999982e+00 6.739463191526022801e-01
1.110000000000000098e+00 6.725593591650500525e-01
1.114999999999999991e+00 6.711739800513939480e-01
1.120000000000000107e+00 6.697901865513868902e-01
1.125000000000000000e+00 6.684079833244525037e-01
1.130000000000000115e+00 6.670273749496196114e-01
1.135000000000000009e+00 6.656483659254687213e-01
1.140000000000000124e+00 6.642709606700902825e-01
1.145000000000000018e+00 6.628951635210543758e-01
1.150000000000000133e+00 6.615209787353913962e-01
1.155000000000000027e+00 6.601484104895851690e-01
1.159999999999999920e+00 6.587774628795763920e-01
1.165000000000000036e+00 6.574081399207780674e-01
1.169999999999999929e+00 6.560404455481027020e-01
1.175000000000000044e+00 6.546743836159999441e-01
1.179999999999999938e+00 6.533099578985064326e-01
1.185000000000000053e+00 6.519471720893064148e-01
1.189999999999999947e+00 6.505860298018051324e-01
1.195000000000000062e+00 6.492265345692105338e-01
1.199999999999999956e+00 6.478686898446306408e-01
1.205000000000000071e+00 6.465124990011769102e-01
1.209999999999999964e+00 6.451579653320839158e-01
1.215000000000000080e+00 6.438050920508368025e-01
1.219999999999999973e+00 6.424538822913112845e-01
1.225000000000000089e+00 6.411043391079256359e-01
1.229999999999999982e+00 6.397564654758015612e-01
1.235000000000000098e+00 6.384102642909376124e-01
1.239999999999999991e+00 6.370657383703947074e-01
1.245000000000000107e+00 6.357228904524904189e-01
1.250000000000000000e+00 6.343817231970048098e-01
1.255000000000000115e+00 6.330422391853998132e-01
1.260000000000000009e+00 6.317044609043260817e-01
1.265000000000000124e+00 6.303684356803218591e-01
1.270000000000000018e+00 6.290341061050321869e-01
1.275000000000000133e+00 6.277014744778371957e-01
1.280000000000000027e+00 6.263705430202536339e-01
1.284999999999999920e+00 6.250413138762127563e-01
1.290000000000000036e+00 6.237137891123477607e-01
1.294999999999999929e+00 6.223879707182951027e-01
1.300000000000000044e+00 6.210638606070034706e-01
1.304999999999999938e+00 6.197414606150541960e-01
1.310000000000000053e+00 6.184207725029928771e-01
1.314999999999999947e+00 6.171017979556716604e-01
1.320000000000000062e+00 6.157845385825997386e-01
1.324999999999999956e+00 6.144689959183076144e-01
1.330000000000000071e+00 6.131551714227189143e-01
1.334999999999999964e+00 6.118430664815340814e-01
1.340000000000000080e+00 6.105326824066235059e-01
1.344999999999999973e+00 6.092240204364312017e-01
1.350000000000000089e+00 6.079172060103905650e-01
1.354999999999999982e+00 6.066121646863248396e-01
1.360000000000000098e+00 6.053088543196833982e-01
1.364999999999999991e+00 6.040072758741504844e-01
1.370000000000000107e+00 6.027074302412873674e-01
1.375000000000000000e+00 6.014093182409936400e-01
1.380000000000000115e+00 6.001129406219757323e-01
1.385000000000000009e+00 5.988182980622277496e-01
1.390000000000000124e+00 5.975253911695196374e-01
1.395000000000000018e+00 5.962342204818971148e-01
1.400000000000000133e+00 5.949447864681893794e-01
1.405000000000000027e+00 5.936571171061701957e-01
1.409999999999999920e+00 5.923713851667481434e-01
1.415000000000000036e+00 5.910873966457892426e-01
1.419999999999999929e+00 5.898051517463771543e-01
1.425000000000000044e+00 5.885246506041642567e-01
1.429999999999999938e+00 5.872458932879320859e-01
1.435000000000000053e+00 5.859688798001629895e-01
1.439999999999999947e+00 5.846936100776198852e-01
1.445000000000000062e+00 5.834200839919344572e-01
1.449999999999999956e+00 5.821483013502056769e-01
1.455000000000000071e+00 5.808784483330893256e-01
1.459999999999999964e+00 5.796104301097233513e-01
1.465000000000000080e+00 5.783441602047022512e-01
1.469999999999999973e+00 5.770796381707040679e-01
1.475000000000000089e+00 5.758168634980690426e-01
1.479999999999999982e+00 5.745558356154453206e-01
1.485000000000000098e+00 5.732965538904466474e-01
1.489999999999999991e+00 5.720390176303162821e-01
1.495000000000000107e+00 5.707833759749683100e-01
1.500000000000000000e+00 5.695296468306257909e-01
1.505000000000000115e+00 5.682776665804381011e-01
1.510000000000000009e+00 5.670274342878900420e-01
1.515000000000000124e+00 5.657789489585965947e-01
1.520000000000000018e+00 5.645322095410149066e-01
1.525000000000000133e+00 5.632872149271619389e-01
1.530000000000000027e+00 5.620439981268068319e-01
1.535000000000000142e+00 5.608028428943345745e-01
1.540000000000000036e+00 5.595634346694626782e-01
1.544999999999999929e+00 5.583257721108954019e-01
1.550000000000000044e+00 5.570898538236505049e-01
1.554999999999999938e+00 5.558556783598243012e-01
1.560000000000000053e+00 5.546232442193594903e-01
1.564999999999999947e+00 5.533926726477093050e-01
1.570000000000000062e+00 5.521641048845666866e-01
1.574999999999999956e+00 5.509372794589745270e-01
1.580000000000000071e+00 5.497121946493130906e-01
1.584999999999999964e+00 5.484888486848020772e-01
1.590000000000000080e+00 5.472672397463123062e-01
1.594999999999999973e+00 5.460473677022943395e-01
1.600000000000000089e+00 5.448296450286749248e-01
1.604999999999999982e+00 5.436136594109817199e-01
1.610000000000000098e+00 5.423994088191419483e-01
1.614999999999999991e+00 5.411868911779175173e-01
1.620000000000000107e+00 5.399761043677546724e-01
1.625000000000000000e+00 5.387670729395743763e-01
1.630000000000000115e+00 5.375601885800135316e-01
1.635000000000000009e+00 5.363550341286184020e-01
1.640000000000000124e+00 5.351516072663636825e-01
1.645000000000000018e+00 5.339499056332726035e-01
1.650000000000000133e+00 5.327499268361806095e-01
1.655000000000000027e+00 5.315518679431099347e-01
1.660000000000000142e+00 5.303558075715248954e-01
1.665000000000000036e+00 5.291614726849627193e-01
1.669999999999999929e+00 5.279688609719213055e-01
1.675000000000000044e+00 5.267779698842360858e-01
1.679999999999999938e+00 5.255888176402553347e-01
1.685000000000000053e+00 5.244018619735995035e-01
1.689999999999999947e+00 5.232166247661584890e-01
1.695000000000000062e+00 5.220331033431920842e-01
1.699999999999999956e+00 5.208512950032123667e-01
1.705000000000000071e+00 5.196711970184468843e-01
1.709999999999999964e+00 5.184932709644558546e-01
1.715000000000000080e+00 5.173171168210869419e-01
1.719999999999999973e+00 5.161426702826716895e-01
1.725000000000000089e+00 5.149699285012598882e-01
1.729999999999999982e+00 5.137988886044695391e-01
1.735000000000000098e+00 5.126300512875900939e-01
1.739999999999999991e+00 5.114629616784063249e-01
1.745000000000000107e+00 5.102975707298627039e-01
1.750000000000000000e+00 5.091338754547658496e-01
1.755000000000000115e+00 5.079719403912112963e-01
1.760000000000000009e+00 5.068122008867108619e-01
1.765000000000000124e+00 5.056541534590025533e-01
1.770000000000000018e+00 5.044977950102346176e-01
1.775000000000000133e+00 5.033431224215281219e-01
1.780000000000000027e+00 5.021904123473224235e-01
1.785000000000000142e+00 5.010396992132319927e-01
1.790000000000000036e+00 4.998906678917397484e-01
1.794999999999999929e+00 4.987433151591483815e-01
1.800000000000000044e+00 4.975976377727698297e-01
1.804999999999999938e+00 4.964542233405390692e-01
1.810000000000000053e+00 4.953125075730726024e-01
1.814999999999999947e+00 4.941724626681525123e-01
1.820000000000000062e+00 4.930340852843547172e-01
1.824999999999999956e+00 4.918977340752912486e-01
1.830000000000000071e+00 4.907633204462933385e-01
1.834999999999999964e+00 4.896305695111805578e-01
1.840000000000000080e+00 4.884994778344897148e-01
1.844999999999999973e+00 4.873702326102417048e-01
1.850000000000000089e+00 4.862431058960559604e-01
1.854999999999999982e+00 4.851176332782526912e-01
1.860000000000000098e+00 4.839938112321658381e-01
1.864999999999999991e+00 4.828717131773388460e-01
1.870000000000000107e+00 4.817518563826580502e-01
1.875000000000000000e+00 4.806336446720335109e-01
1.880000000000000115e+00 4.795170744365651605e-01
1.885000000000000009e+00 4.784021631370780070e-01
1.890000000000000124e+00 4.772895575335480700e-01
1.895000000000000018e+00 4.761785876014731911e-01
1.900000000000000133e+00 4.750692496528131081e-01
1.905000000000000027e+00 4.739615630761229714e-01
1.910000000000000142e+00 4.728561882430247221e-01
1.915000000000000036e+00 4.717524392835567570e-01
1.919999999999999929e+00 4.706503124357518386e-01
1.925000000000000044e+00 4.695498869129275943e-01
1.929999999999999938e+00 4.684517207798475358e-01
1.935000000000000053e+00 4.673551703528826540e-01
1.939999999999999947e+00 4.662602318014614222e-01
1.945000000000000062e+00 4.651671020110738630e-01
1.949999999999999956e+00 4.640761209024851786e-01
1.955000000000000071e+00 4.629867449787929967e-01
1.959999999999999964e+00 4.618989703462483831e-01
1.965000000000000080e+00 4.608131693000495077e-01
1.969999999999999973e+00 4.597293479817139428e-01
1.975000000000000089e+00 4.586471209897690082e-01
1.979999999999999982e+00 4.575664843728117215e-01
1.985000000000000098e+00 4.564880434031727829e-01
1.989999999999999991e+00 4.554113551302794716e-01
1.995000000000000107e+00 4.543362500048059860e-01
2.000000000000000000e+00 4.532628319202758327e-01
2.004999999999999893e+00 4.521916727723807594e-01
2.010000000000000231e+00 4.511220893393364517e-01
2.015000000000000124e+00 4.500540775714764186e-01
2.020000000000000018e+00 4.489880720271294812e-01
2.024999999999999911e+00 4.479239998295836966e-01
2.030000000000000249e+00 4.468614916213664023e-01
2.035000000000000142e+00 4.458005491264670495e-01
2.040000000000000036e+00 4.447419770594633892e-01
2.044999999999999929e+00 4.436849611142962835e-01
2.049999999999999822e+00 4.426294971592856786e-01
2.055000000000000160e+00 4.415760147594876006e-01
2.060000000000000053e+00 4.405244791485054545e-01
2.064999999999999947e+00 4.394744874372426002e-01
2.069999999999999840e+00 4.384261048236632874e-01
2.075000000000000178e+00 4.373800369963984358e-01
2.080000000000000071e+00 4.363355048007424020e-01
2.084999999999999964e+00 4.352925040396443124e-01
2.089999999999999858e+00 4.342516241227858953e-01
2.095000000000000195e+00 4.332125381097804984e-01
2.100000000000000089e+00 4.321749750613459451e-01
2.104999999999999982e+00 4.311392282041019985e-01
2.109999999999999876e+00 4.301055744473993303e-01
2.115000000000000213e+00 4.290734350221044879e-01
2.120000000000000107e+00 4.280428351485683902e-01
2.125000000000000000e+00 4.270145991401590457e-01
2.129999999999999893e+00 4.259878686728181263e-01
2.135000000000000231e+00 4.249626394781021443e-01
2.140000000000000124e+00 4.239395957795188408e-01
2.145000000000000018e+00 4.229182590413959608e-01
2.149999999999999911e+00 4.218984146143555103e-01
2.155000000000000249e+00 4.208805462441019274e-01
2.160000000000000142e+00 4.198645874553021962e-01
2.165000000000000036e+00 4.188501118740232121e-01
2.169999999999999929e+00 4.178374307228160389e-01
2.175000000000000266e+00 4.168268335649469303e-01
2.180000000000000160e+00 4.158177103752790926e-01
2.185000000000000053e+00 4.148102277388055481e-01
2.189999999999999947e+00 4.138049753678912368e-01
2.194999999999999840e+00 4.128011875964377464e-01
2.200000000000000178e+00 4.117989141742019465e-01
2.205000000000000071e+00 4.107989892338468896e-01
2.209999999999999964e+00 4.098005194011917207e-01
2.214999999999999858e+00 4.088035003536354406e-01
2.220000000000000195e+00 4.078088499304393100e-01
2.225000000000000089e+00 4.068156800646057225e-01
2.229999999999999982e+00 4.058239513714292368e-01
2.234999999999999876e+00 4.048345306497032614e-01
2.240000000000000213e+00 4.038466422998301386e-01
2.245000000000000107e+00 4.028601854031083063e-01
2.250000000000000000e+00 4.018760030352917512e-01
2.254999999999999893e+00 4.008933772855178268e-01
2.260000000000000231e+00 3.999121731689060932e-01
2.265000000000000124e+00 3.989332372103628344e-01
2.270000000000000018e+00 3.979558546939048758e-01
2.274999999999999911e+00 3.969798838967660282e-01
2.280000000000000249e+00 3.960062018061216160e-01
2.285000000000000142e+00 3.950340427195397353e-01
2.290000000000000036e+00 3.940632853512484046e-01
2.294999999999999929e+00 3.930948639909871978e-01
2.300000000000000266e+00 3.921279081086218588e-01
2.305000000000000160e+00 3.911623485821032475e-01
2.310000000000000053e+00 3.901991895003602551e-01
2.314999999999999947e+00 3.892374161889317619e-01
2.319999999999999840e+00 3.882771299648913876e-01
2.325000000000000178e+00 3.873191426669577164e-01
2.330000000000000071e+00 3.863625309003173580e-01
2.334999999999999964e+00 3.854075233067765227e-01
2.339999999999999858e+00 3.844546864516957263e-01
2.345000000000000195e+00 3.835032148257166984e-01
2.350000000000000089e+00 3.825534905980454425e-01
2.354999999999999982e+00 3.816057824750844762e-01
2.359999999999999876e+00 3.806594292226829768e-01
2.365000000000000213e+00 3.797149925053435182e-01
2.370000000000000107e+00 3.787723910491145873e-01
2.375000000000000000e+00 3.778311340553879294e-01
2.379999999999999893e+00 3.768919884039107493e-01
2.385000000000000231e+00 3.759544712096043462e-01
2.390000000000000124e+00 3.750182880270785390e-01
2.395000000000000018e+00 3.740844364102615671e-01
2.399999999999999911e+00 3.731519807489811491e-01
2.405000000000000249e+00 3.722210277346228446e-01
2.410000000000000142e+00 3.712922934152855237e-01
2.415000000000000036e+00 3.703648762494705093e-01
2.419999999999999929e+00 3.694392236983684019e-01
2.425000000000000266e+00 3.685155152473082452e-01
2.430000000000000160e+00 3.675931139738842224e-01
2.435000000000000053e+00 3.666727665672389613e-01
2.439999999999999947e+00 3.657540658577105308e-01
2.444999999999999840e+00 3.648366628656501964e-01
2.450000000000000178e+00 3.639216267134168792e-01
2.455000000000000071e+00 3.630079121278367293e-01
2.459999999999999964e+00 3.620957935204871525e-01
2.464999999999999858e+00 3.611857606701823764e-01
2.470000000000000195e+00 3.602770085087899088e-01
2.475000000000000089e+00 3.593702051754930626e-01
2.479999999999999982e+00 3.584651214709637101e-01
2.484999999999999876e+00 3.575613078800993772e-01
2.490000000000000213e+00 3.566598199810681047e-01
2.495000000000000107e+00 3.557596614140464686e-01
2.500000000000000000e+00 3.548611002362962452e-01
2.504999999999999893e+00 3.539645896606714581e-01
2.510000000000000231e+00 3.530693320832919424e-01
2.515000000000000124e+00 3.521760885288133802e-01
2.520000000000000018e+00 3.512844652351592711e-01
2.524999999999999911e+00 3.503941537375452886e-01
2.530000000000000249e+00 3.495061574747092559e-01
2.535000000000000142e+00 3.486193970436774481e-01
2.540000000000000036e+00 3.477344042379155176e-01
2.544999999999999929e+00 3.468512568686900610e-01
2.550000000000000266e+00 3.459693347646135009e-01
2.555000000000000160e+00 3.450896590004525755e-01
2.560000000000000053e+00 3.442113358567682191e-01
2.564999999999999947e+00 3.433345984101371928e-01
2.569999999999999840e+00 3.424598666455871965e-01
2.575000000000000178e+00 3.415863429573317567e-01
2.580000000000000071e+00 3.407149218283046510e-01
2.584999999999999964e+00 3.398449751783232387e-01
2.589999999999999858e+00 3.389764959196881478e-01
2.595000000000000195e+00 3.381101185266304765e-01
2.600000000000000089e+00 3.372449320093883762e-01
2.604999999999999982e+00 3.363817672488279564e-01
2.609999999999999876e+00 3.355201354216851839e-01
2.615000000000000213e+00 3.346599154119876407e-01
2.620000000000000107e+00 3.338018303013651211e-01
2.625000000000000000e+00 3.329449188692747419e-01
2.629999999999999893e+00 3.320900104532177877e-01
2.635000000000000231e+00 3.312366309583766877e-01
2.640000000000000124e+00 3.303846695056221194e-01
2.645000000000000018e+00 3.295348137901457086e-01
2.649999999999999911e+00 3.286861145737977608e-01
2.655000000000000249e+00 3.278394607367413061e-01
2.660000000000000142e+00 3.269942703215730773e-01
2.665000000000000036e+00 3.261505649971208620e-01
2.669999999999999929e+00 3.253088750489158687e-01
2.675000000000000266e+00 3.244683244528417942e-01
2.680000000000000160e+00 3.236299217047668986e-01
2.685000000000000053e+00 3.227928564120857158e-01
2.689999999999999947e+00 3.219574030681831567e-01
2.694999999999999840e+00 3.211238145763558038e-01
2.700000000000000178e+00 3.202913483364238090e-01
2.705000000000000071e+00 3.194611914810236986e-01
2.709999999999999964e+00 3.186321867064942914e-01
2.714999999999999858e+00 3.178049794949938667e-01
2.720000000000000195e+00 3.169794275230411462e-01
2.725000000000000089e+00 3.161551708218985346e-01
2.729999999999999982e+00 3.153330629177309441e-01
2.734999999999999876e+00 3.145120534670730605e-01
2.740000000000000213e+00 3.136930848592741072e-01
2.745000000000000107e+00 3.128755039022575457e-01
2.750000000000000000e+00 3.120594851546608650e-01
2.754999999999999893e+00 3.112453238072527828e-01
2.760000000000000231e+00 3.104322554504121423e-01
2.765000000000000124e+00 3.096215047607215887e-01
2.770000000000000018e+00 3.088118288021355906e-01
2.774999999999999911e+00 3.080040381832420682e-01
2.780000000000000249e+00 3.071977570949377956e-01
2.785000000000000142e+00 3.063929153385915316e-01
2.790000000000000036e+00 3.055900200305065040e-01
2.794999999999999929e+00 3.047881825987653892e-01
2.800000000000000266e+00 3.039886086533970522e-01
2.805000000000000160e+00 3.031901410928132257e-01
2.810000000000000053e+00 3.023935138551091528e-01
2.814999999999999947e+00 3.015984069454912819e-01
2.819999999999999840e+00 3.008047263754195511e-01
2.825000000000000178e+00 3.000129708358686420e-01
2.830000000000000071e+00 2.992222496938083953e-01
2.834999999999999964e+00 2.984338232937652213e-01
2.839999999999999858e+00 2.976464374428621218e-01
2.845000000000000195e+00 2.968609547011168415e-01
2.850000000000000089e+00 2.960768947413717211e-01
2.854999999999999982e+00 2.952943552933495752e-01
2.859999999999999876e+00 2.945136117681969035e-01
2.865000000000000213e+00 2.937340151607681360e-01
2.870000000000000107e+00 2.929565785582030624e-01
2.875000000000000000e+00 2.921801463355604422e-01
2.879999999999999893e+00 2.914057850036661512e-01
2.885000000000000231e+00 2.906326434270303238e-01
2.890000000000000124e+00 2.898612208556822778e-01
2.895000000000000018e+00 2.890913603079282024e-01
2.899999999999999911e+00 2.883228757255929531e-01
2.905000000000000249e+00 2.875562865382899624e-01
2.910000000000000142e+00 2.867907390864172235e-01
2.915000000000000036e+00 2.860274115409585094e-01
2.919999999999999929e+00 2.852650586414860467e-01
2.925000000000000266e+00 2.845047246030277810e-01
2.930000000000000160e+00 2.837456169110912363e-01
2.935000000000000053e+00 2.829882148772961403e-01
2.939999999999999947e+00 2.822323425830265409e-01
2.944999999999999840e+00 2.814778713837290391e-01
2.950000000000000178e+00 2.807252246311900956e-01
2.955000000000000071e+00 2.799736830109290642e-01
2.959999999999999964e+00 2.792242518992431588e-01
2.964999999999999858e+00 2.784757660526052669e-01
2.970000000000000195e+00 2.777294131020868195e-01
2.975000000000000089e+00 2.769841263435317558e-01
2.979999999999999982e+00 2.762406968273500851e-01
2.984999999999999876e+00 2.754985991784234534e-01
2.990000000000000213e+00 2.747580915368829091e-01
2.995000000000000107e+00 2.740191729782566754e-01
3.000000000000000000e+00 2.732815855682561024e-01
3.004999999999999893e+00 2.725458360408458125e-01
3.010000000000000231e+00 2.718111671362686832e-01
3.015000000000000124e+00 2.710785765423482374e-01
3.020000000000000018e+00 2.703468957173693621e-01
3.024999999999999911e+00 2.696173825387756517e-01
3.030000000000000249e+00 2.688888439890386173e-01
3.035000000000000142e+00 2.681622419675112057e-01
3.040000000000000036e+00 2.674368355340770442e-01
3.044999999999999929e+00 2.667131426488322243e-01
3.050000000000000266e+00 2.659908581381223991e-01
3.055000000000000160e+00 2.652700722874380967e-01
3.060000000000000053e+00 2.645508994723362317e-01
3.064999999999999947e+00 2.638330184739813289e-01
3.070000000000000284e+00 2.631169470949314970e-01
3.075000000000000178e+00 2.624019686866052581e-01
3.080000000000000071e+00 2.616889884527071608e-01
3.084999999999999964e+00 2.609769102924843764e-01
3.089999999999999858e+00 2.602670108825854145e-01
3.095000000000000195e+00 2.595579736000926951e-01
3.100000000000000089e+00 2.588510016131522207e-01
3.104999999999999982e+00 2.581450284203227197e-01
3.109999999999999876e+00 2.574409477662017443e-01
3.115000000000000213e+00 2.567380283022745457e-01
3.120000000000000107e+00 2.560368363582821161e-01
3.125000000000000000e+00 2.553369602361298951e-01
3.129999999999999893e+00 2.546386543022469140e-01
3.135000000000000231e+00 2.539418111094466912e-01
3.140000000000000124e+00 2.532463884088038686e-01
3.145000000000000018e+00 2.525525677087074872e-01
3.149999999999999911e+00 2.518600253880705075e-01
3.155000000000000249e+00 2.511692167208671167e-01
3.160000000000000142e+00 2.504795518511276353e-01
3.165000000000000036e+00 2.497917447349044251e-01
3.169999999999999929e+00 2.491049543115759768e-01
3.175000000000000266e+00 2.484201382433727512e-01
3.180000000000000160e+00 2.477362191870932651e-01
3.185000000000000053e+00 2.470543836439531848e-01
3.189999999999999947e+00 2.463733515620979142e-01
3.195000000000000284e+00 2.456944672410071862e-01
3.200000000000000178e+00 2.450163989777482121e-01
3.205000000000000071e+00 2.443403752471284829e-01
3.209999999999999964e+00 2.436652602659891143e-01
3.214999999999999858e+00 2.429920937846976048e-01
3.220000000000000195e+00 2.423199215328959433e-01
3.225000000000000089e+00 2.416496088874333092e-01
3.229999999999999982e+00 2.409803687969061525e-01
3.234999999999999876e+00 2.403129065019447008e-01
3.240000000000000213e+00 2.396465879903656171e-01
3.245000000000000107e+00 2.389819724892820463e-01
3.250000000000000000e+00 2.383185649610747303e-01
3.254999999999999893e+00 2.376567926264866459e-01
3.260000000000000231e+00 2.369962854738298375e-01
3.265000000000000124e+00 2.363373526081380127e-01
3.270000000000000018e+00 2.356797352119685551e-01
3.274999999999999911e+00 2.350236380479009957e-01
3.280000000000000249e+00 2.343688997789070139e-01
3.285000000000000142e+00 2.337156344800696839e-01
3.290000000000000036e+00 2.330637646996799039e-01
3.294999999999999929e+00 2.324133273611090345e-01
3.300000000000000266e+00 2.317643154224745816e-01
3.305000000000000160e+00 2.311167020711946685e-01
3.310000000000000053e+00 2.304705373201653695e-01
3.314999999999999947e+00 2.298257439157489757e-01
3.320000000000000284e+00 2.291824156918417232e-01
3.325000000000000178e+00 2.285404381269743324e-01
3.330000000000000071e+00 2.278999357643364532e-01
3.334999999999999964e+00 2.272607698653837938e-01
3.339999999999999858e+00 2.266230826937478959e-01
3.345000000000000195e+00 2.259867242213262351e-01
3.350000000000000089e+00 2.253518415669597263e-01
3.354999999999999982e+00 2.247182862165105210e-01
3.359999999999999876e+00 2.240861974031567172e-01
3.365000000000000213e+00 2.234554408055226815e-01
3.370000000000000107e+00 2.228261351553352809e-01
3.375000000000000000e+00 2.221981728773408937e-01
3.379999999999999893e+00 2.215716397118122072e-01
3.385000000000000231e+00 2.209464672568446919e-01
3.390000000000000124e+00 2.203226958977243521e-01
3.395000000000000018e+00 2.197003087063197080e-01
3.399999999999999911e+00 2.190792884765286330e-01
3.405000000000000249e+00 2.184596819269584989e-01
3.410000000000000142e+00 2.178414021514925303e-01
3.415000000000000036e+00 2.172245715603542404e-01
3.419999999999999929e+00 2.166090215671821750e-01
3.425000000000000266e+00 2.159949621899905359e-01
3.430000000000000160e+00 2.153821313109433866e-01
3.435000000000000053e+00 2.147708383427247847e-01
3.439999999999999947e+00 2.141607159143772698e-01
3.445000000000000284e+00 2.135521844902657229e-01
3.450000000000000178e+00 2.129447598548111220e-01
3.455000000000000071e+00 2.123389850506460785e-01
3.459999999999999964e+00 2.117342475567608462e-01
3.464999999999999858e+00 2.111312243896866503e-01
3.470000000000000195e+00 2.105291633933888129e-01
3.475000000000000089e+00 2.099288868224565563e-01
3.479999999999999982e+00 2.093294916879555601e-01
3.484999999999999876e+00 2.087319566147249894e-01
3.490000000000000213e+00 2.081352167152622223e-01
3.495000000000000107e+00 2.075404179844064501e-01
3.500000000000000000e+00 2.069463367381532137e-01
3.504999999999999893e+00 2.063542551030002059e-01
3.510000000000000231e+00 2.057629051473307269e-01
3.515000000000000124e+00 2.051734520970205089e-01
3.520000000000000018e+00 2.045848281355301668e-01
3.524999999999999911e+00 2.039979930494214555e-01
3.530000000000000249e+00 2.034120897307976628e-01
3.535000000000000142e+00 2.028278620010121325e-01
3.540000000000000036e+00 2.022446739196466226e-01
3.544999999999999929e+00 2.016630429518665724e-01
3.550000000000000266e+00 2.010825646484661056e-01
3.555000000000000160e+00 2.005035198627234672e-01
3.560000000000000053e+00 1.999257458249224517e-01
3.564999999999999947e+00 1.993492766563793595e-01
3.570000000000000284e+00 1.987742013193529445e-01
3.575000000000000178e+00 1.982002972190725909e-01
3.580000000000000071e+00 1.976279149661502310e-01
3.584999999999999964e+00 1.970565656122195142e-01
3.589999999999999858e+00 1.964868716125361403e-01
3.595000000000000195e+00 1.959180671545724672e-01
3.600000000000000089e+00 1.953510566680152494e-01
3.604999999999999982e+00 1.947847873321511269e-01
3.609999999999999876e+00 1.942204546512101004e-01
3.615000000000000213e+00 1.936568404614708860e-01
3.620000000000000107e+00 1.930950493667979162e-01
3.625000000000000000e+00 1.925341070661856224e-01
3.629999999999999893e+00 1.919748245966803324e-01
3.635000000000000231e+00 1.914165483614118646e-01
3.640000000000000124e+00 1.908597641017454050e-01
3.645000000000000018e+00 1.903041480650197737e-01
3.649999999999999911e+00 1.897498516229237098e-01
3.655000000000000249e+00 1.891968898754717576e-01
3.660000000000000142e+00 1.886450708822360045e-01
3.665000000000000036e+00 1.880947574728701888e-01
3.669999999999999929e+00 1.875454055838327860e-01
3.675000000000000266e+00 1.869977345199948793e-01
3.680000000000000160e+00 1.864508394150239945e-01
3.685000000000000053e+00 1.859058046633336181e-01
3.689999999999999947e+00 1.853614874496498366e-01
3.695000000000000284e+00 1.848189515341019384e-01
3.700000000000000178e+00 1.842772641970358005e-01
3.705000000000000071e+00 1.837371587492568070e-01
3.709999999999999964e+00 1.831980951492197807e-01
3.714999999999999858e+00 1.826604099124986558e-01
3.720000000000000195e+00 1.821239638708986308e-01
3.725000000000000089e+00 1.815886886152663915e-01
3.729999999999999982e+00 1.810548539150530212e-01
3.734999999999999876e+00 1.805219784377232184e-01
3.740000000000000213e+00 1.799907488239305686e-01
3.745000000000000107e+00 1.794602629497324409e-01
3.750000000000000000e+00 1.789316321300220003e-01
3.754999999999999893e+00 1.784037169948773094e-01
3.760000000000000231e+00 1.778774873570263260e-01
3.765000000000000124e+00 1.773521641608584443e-01
3.770000000000000018e+00 1.768282980208084609e-01
3.774999999999999911e+00 1.763055603730751819e-01
3.780000000000000249e+00 1.757840476303473842e-01
3.785000000000000142e+00 1.752638891049419223e-01
3.790000000000000036e+00 1.747447196886745269e-01
3.794999999999999929e+00 1.742271338244628931e-01
3.800000000000000266e+00 1.737102976938027510e-01
3.805000000000000160e+00 1.731952779951598798e-01
3.810000000000000053e+00 1.726809717621207996e-01
3.814999999999999947e+00 1.721683050769910461e-01
3.820000000000000284e+00 1.716565578209224285e-01
3.825000000000000178e+00 1.711461985272598185e-01
3.830000000000000071e+00 1.706370036610527219e-01
3.834999999999999964e+00 1.701289418015152211e-01
3.839999999999999858e+00 1.696222927053618879e-01
3.845000000000000195e+00 1.691165183544420803e-01
3.850000000000000089e+00 1.686124083763662074e-01
3.854999999999999982e+00 1.681090097055615296e-01
3.859999999999999876e+00 1.676073340971259151e-01
3.865000000000000213e+00 1.671064670969641119e-01
3.870000000000000107e+00 1.666070532921159475e-01
3.875000000000000000e+00 1.661087112245701602e-01
3.879999999999999893e+00 1.656115493880855882e-01
3.885000000000000231e+00 1.651157254847369638e-01
3.890000000000000124e+00 1.646208058149087328e-01
3.895000000000000018e+00 1.641274932774685891e-01
3.899999999999999911e+00 1.636348894365954598e-01
3.905000000000000249e+00 1.631439980072567908e-01
3.910000000000000142e+00 1.626538978393408386e-01
3.915000000000000036e+00 1.621652230839083497e-01
3.919999999999999929e+00 1.616776197100125434e-01
3.925000000000000266e+00 1.611911519233662493e-01
3.930000000000000160e+00 1.607060384364408234e-01
3.935000000000000053e+00 1.602217679485196389e-01
3.939999999999999947e+00 1.597391374139158216e-01
3.945000000000000284e+00 1.592572125262255722e-01
3.950000000000000178e+00 1.587769000459865187e-01
3.955000000000000071e+00 1.582974501854683136e-01
3.959999999999999964e+00 1.578193097452495475e-01
3.965000000000000302e+00 1.573423279019645349e-01
3.970000000000000195e+00 1.568663499341277079e-01
3.975000000000000089e+00 1.563918290722717541e-01
3.979999999999999982e+00 1.559180114196474509e-01
3.984999999999999876e+00 1.554459371040484150e-01
3.990000000000000213e+00 1.549745723346245552e-01
3.995000000000000107e+00 1.545046354168114755e-01
4.000000000000000000e+00 1.540357164235882370e-01
4.004999999999999893e+00 1.535679074426843926e-01
4.009999999999999787e+00 1.531014270945096345e-01
4.014999999999999680e+00 1.526357366271348381e-01
4.020000000000000462e+00 1.521716877692025072e-01
4.025000000000000355e+00 1.517083383268496566e-01
4.030000000000000249e+00 1.512464818840481007e-01
4.035000000000000142e+00 1.507855556249584894e-01
4.040000000000000036e+00 1.503257928907114349e-01
4.044999999999999929e+00 1.498672825941402276e-01
4.049999999999999822e+00 1.494096042568484328e-01
4.054999999999999716e+00 1.489535026800811734e-01
4.060000000000000497e+00 1.484980975232858547e-01
4.065000000000000391e+00 1.480441993456421412e-01
4.070000000000000284e+00 1.475911944465239933e-01
4.075000000000000178e+00 1.471393560715433535e-01
4.080000000000000071e+00 1.466887441254575153e-01
4.084999999999999964e+00 1.462389563570390405e-01
4.089999999999999858e+00 1.457907300390324790e-01
4.094999999999999751e+00 1.453431969127376433e-01
4.099999999999999645e+00 1.448971356858729520e-01
4.105000000000000426e+00 1.444519795781139537e-01
4.110000000000000320e+00 1.440079445849341000e-01
4.115000000000000213e+00 1.435651581127929954e-01
4.120000000000000107e+00 1.431231402761454496e-01
4.125000000000000000e+00 1.426827160380323145e-01
4.129999999999999893e+00 1.422429815371915318e-01
4.134999999999999787e+00 1.418046368971677129e-01
4.139999999999999680e+00 1.413672558810780966e-01
4.145000000000000462e+00 1.409309042562343073e-01
4.150000000000000355e+00 1.404958692692583888e-01
4.155000000000000249e+00 1.400615217199446261e-01
4.160000000000000142e+00 1.396288052740167207e-01
4.165000000000000036e+00 1.391967949066802157e-01
4.169999999999999929e+00 1.387660474920115738e-01
4.174999999999999822e+00 1.383363667997053181e-01
4.179999999999999716e+00 1.379075795448655439e-01
4.185000000000000497e+00 1.374802210047082196e-01
4.190000000000000391e+00 1.370535460763457059e-01
4.195000000000000284e+00 1.366283411533758818e-01
4.200000000000000178e+00 1.362039794032310069e-01
4.205000000000000071e+00 1.357807109039620985e-01
4.209999999999999964e+00 1.353586547616737745e-01
4.214999999999999858e+00 1.349373139418461598e-01
4.219999999999999751e+00 1.345175558226810453e-01
4.224999999999999645e+00 1.340984772810644432e-01
4.230000000000000426e+00 1.336806662853788352e-01
4.235000000000000320e+00 1.332638766736738145e-01
4.240000000000000213e+00 1.328479698775499318e-01
4.245000000000000107e+00 1.324334615673150306e-01
4.250000000000000000e+00 1.320196301343246614e-01
4.254999999999999893e+00 1.316072157061141112e-01
4.259999999999999787e+00 1.311956563977666745e-01
4.264999999999999680e+00 1.307851228643333585e-01
4.270000000000000462e+00 1.303758280111162182e-01
4.275000000000000355e+00 1.299672072353663388e-01
4.280000000000000249e+00 1.295601287675121338e-01
4.285000000000000142e+00 1.291537631900933347e-01
4.290000000000000036e+00 1.287485424916591237e-01
4.294999999999999929e+00 1.283444244045966742e-01
4.299999999999999822e+00 1.279410530403136959e-01
4.304999999999999716e+00 1.275391747249253749e-01
4.310000000000000497e+00 1.271379659754578728e-01
4.315000000000000391e+00 1.267379980300749054e-01
4.320000000000000284e+00 1.263390196939541410e-01
4.325000000000000178e+00 1.259408782324510367e-01
4.330000000000000071e+00 1.255441225561558793e-01
4.334999999999999964e+00 1.251480334156773455e-01
4.339999999999999858e+00 1.247532584990827531e-01
4.344999999999999751e+00 1.243593825888485022e-01
4.350000000000000533e+00 1.239664114944730444e-01
4.355000000000000426e+00 1.235747410286569120e-01
4.360000000000000320e+00 1.231837339766844591e-01
4.365000000000000213e+00 1.227940927337646121e-01
4.370000000000000107e+00 1.224052816289243062e-01
4.375000000000000000e+00 1.220174217388115545e-01
4.379999999999999893e+00 1.216307987654743628e-01
4.384999999999999787e+00 1.212448359943626847e-01
4.389999999999999680e+00 1.208602694501421382e-01
4.395000000000000462e+00 1.204764852490616822e-01
4.400000000000000355e+00 1.200936777839243103e-01
4.405000000000000249e+00 1.197120643099124776e-01
4.410000000000000142e+00 1.193311077390969421e-01
4.415000000000000036e+00 1.189515573092578132e-01
4.419999999999999929e+00 1.185727618433398134e-01
4.424999999999999822e+00 1.181949484177908655e-01
4.429999999999999716e+00 1.178183061889095523e-01
4.435000000000000497e+00 1.174423174790277802e-01
4.440000000000000391e+00 1.170677249799598335e-01
4.445000000000000284e+00 1.166938798276973971e-01
4.450000000000000178e+00 1.163210024601071396e-01
4.455000000000000071e+00 1.159492929751065049e-01
4.459999999999999964e+00 1.155782335419909962e-01
4.464999999999999858e+00 1.152085412003806542e-01
4.469999999999999751e+00 1.148396077012805994e-01
4.475000000000000533e+00 1.144716088231733792e-01
4.480000000000000426e+00 1.141047933475998477e-01
4.485000000000000320e+00 1.137386243761364657e-01
4.490000000000000213e+00 1.133737748380954924e-01
4.495000000000000107e+00 1.130097141064634880e-01
4.500000000000000000e+00 1.126465365714582612e-01
4.504999999999999893e+00 1.122845761513679153e-01
4.509999999999999787e+00 1.119232586092111792e-01
4.514999999999999680e+00 1.115631949489530178e-01
4.520000000000000462e+00 1.112039678875357263e-01
4.525000000000000355e+00 1.108455549798360307e-01
4.530000000000000249e+00 1.104884104553603141e-01
4.535000000000000142e+00 1.101319051065025173e-01
4.540000000000000036e+00 1.097765708345695285e-01
4.544999999999999929e+00 1.094221381480464661e-01
4.549999999999999822e+00 1.090684335904839874e-01
4.554999999999999716e+00 1.087160656092455296e-01
4.560000000000000497e+00 1.083643330274317168e-01
4.565000000000000391e+00 1.080136720984790077e-01
4.570000000000000284e+00 1.076639943067996402e-01
4.575000000000000178e+00 1.073149500415246371e-01
4.580000000000000071e+00 1.069673112988086677e-01
4.584999999999999964e+00 1.066203118807938915e-01
4.589999999999999858e+00 1.062742687009363002e-01
4.594999999999999751e+00 1.059293061524964746e-01
4.600000000000000533e+00 1.055849732398844165e-01
4.605000000000000426e+00 1.052419175999974588e-01
4.610000000000000320e+00 1.048996115786395011e-01
4.615000000000000213e+00 1.045581310123663704e-01
4.620000000000000107e+00 1.042178438970201432e-01
4.625000000000000000e+00 1.038781824588076719e-01
4.629999999999999893e+00 1.035396550316112774e-01
4.634999999999999787e+00 1.032020024887955467e-01
4.639999999999999680e+00 1.028650298654612549e-01
4.645000000000000462e+00 1.025293782273613702e-01
4.650000000000000355e+00 1.021943482418374571e-01
4.655000000000000249e+00 1.018602946066339415e-01
4.660000000000000142e+00 1.015272554860248699e-01
4.665000000000000036e+00 1.011948359966742400e-01
4.669999999999999929e+00 1.008636803561852729e-01
4.674999999999999822e+00 1.005332416708514254e-01
4.679999999999999716e+00 1.002036078822084175e-01
4.685000000000000497e+00 9.987514200182383284e-02
4.690000000000000391e+00 9.954729162615334748e-02
4.695000000000000284e+00 9.922052207103737587e-02
4.700000000000000178e+00 9.889463441508795916e-02
4.705000000000000071e+00 9.856936700825495723e-02
4.709999999999999964e+00 9.824543407285993291e-02
4.714999999999999858e+00 9.792211245549328757e-02
4.719999999999999751e+00 9.759967578219418127e-02
4.725000000000000533e+00 9.727829877881287446e-02
4.730000000000000426e+00 9.695753097464172854e-02
4.735000000000000320e+00 9.663790438805032468e-02
4.740000000000000213e+00 9.631907107479178998e-02
4.745000000000000107e+00 9.600091456915751942e-02
4.750000000000000000e+00 9.568400774762705896e-02
4.754999999999999893e+00 9.536770584548524832e-02
4.759999999999999787e+00 9.505232633428803424e-02
4.764999999999999680e+00 9.473794078413177999e-02
4.770000000000000462e+00 9.442415797836893609e-02
4.775000000000000355e+00 9.411153503342088722e-02
4.780000000000000249e+00 9.379965842613591231e-02
4.785000000000000142e+00 9.348847404081775392e-02
4.790000000000000036e+00 9.317849563776328670e-02
4.794999999999999929e+00 9.286911561149345518e-02
4.799999999999999822e+00 9.256065511798189371e-02
4.804999999999999716e+00 9.225316313031999005e-02
4.810000000000000497e+00 9.194626729121804787e-02
4.815000000000000391e+00 9.164051048694192569e-02
4.820000000000000284e+00 9.133549250973616029e-02
4.825000000000000178e+00 9.103114329525995030e-02
4.830000000000000071e+00 9.072799519544037794e-02
4.834999999999999964e+00 9.042543879409807583e-02
4.839999999999999858e+00 9.012376102142748147e-02
4.844999999999999751e+00 8.982306431308005601e-02
4.850000000000000533e+00 8.952295702469213745e-02
4.855000000000000426e+00 8.922393072330983554e-02
4.860000000000000320e+00 8.892567293504732850e-02
4.865000000000000213e+00 8.862802380965201232e-02
4.870000000000000107e+00 8.833160755138617926e-02
4.875000000000000000e+00 8.803577618579398745e-02
4.879999999999999893e+00 8.774074671955513216e-02
4.884999999999999787e+00 8.744674668772384196e-02
4.889999999999999680e+00 8.715332922267522708e-02
4.895000000000000462e+00 8.686089968303740971e-02
4.900000000000000355e+00 8.656930334958073958e-02
4.905000000000000249e+00 8.627828723954471257e-02
4.910000000000000142e+00 8.598843797857910753e-02
4.915000000000000036e+00 8.569923279296617902e-02
4.919999999999999929e+00 8.541071913226780388e-02
4.924999999999999822e+00 8.512331692563843144e-02
4.929999999999999716e+00 8.483649031615794756e-02
4.935000000000000497e+00 8.455052572343225992e-02
4.940000000000000391e+00 8.426549188813277358e-02
4.945000000000000284e+00 8.398103126317488232e-02
4.950000000000000178e+00 8.369759633600407089e-02
4.955000000000000071e+00 8.341491827787723967e-02
4.959999999999999964e+00 8.313281102720680715e-02
4.964999999999999858e+00 8.285188645081578707e-02
4.969999999999999751e+00 8.257155155797898938e-02
4.975000000000000533e+00 8.229192204969487667e-02
4.980000000000000426e+00 8.201335160208678143e-02
4.985000000000000320e+00 8.173534724618791714e-02
4.990000000000000213e+00 8.145819749254104569e-02
4.995000000000000107e+00 8.118194738074009653e-02
5.000000000000000000e+00 8.090626091820279919e-02
5.004999999999999893e+00 8.063157185653230252e-02
5.009999999999999787e+00 8.035762943767267574e-02
5.014999999999999680e+00 8.008424821093283741e-02
5.020000000000000462e+00 7.981200086888841361e-02
5.025000000000000355e+00 7.954035348698301755e-02
5.030000000000000249e+00 7.926936173109523642e-02
5.035000000000000142e+00 7.899944032199605892e-02
5.040000000000000036e+00 7.873007530915406005e-02
5.044999999999999929e+00 7.846149530230521474e-02
5.049999999999999822e+00 7.819384607655610608e-02
5.054999999999999716e+00 7.792675075419085162e-02
5.060000000000000497e+00 7.766056378183561204e-02
5.065000000000000391e+00 7.739517406468769678e-02
5.070000000000000284e+00 7.713033574471458986e-02
5.075000000000000178e+00 7.686652318494932579e-02
5.080000000000000071e+00 7.660338029298753570e-02
5.084999999999999964e+00 7.634078627901134950e-02
5.089999999999999858e+00 7.607932960322259797e-02
5.094999999999999751e+00 7.581842084554395178e-02
5.100000000000000533e+00 7.555817052035827819e-02
5.105000000000000426e+00 7.529893920752524228e-02
5.110000000000000320e+00 7.504025188690680026e-02
5.115000000000000213e+00 7.478232827894953916e-02
5.120000000000000107e+00 7.452530825095617095e-02
5.125000000000000000e+00 7.426882966501283101e-02
5.129999999999999893e+00 7.401321450964487569e-02
5.134999999999999787e+00 7.375839307173440162e-02
5.139999999999999680e+00 7.350411051406575969e-02
5.145000000000000462e+00 7.325078564185799612e-02
5.150000000000000355e+00 7.299815009604573857e-02
5.155000000000000249e+00 7.274605085737213817e-02
5.160000000000000142e+00 7.249499819464411132e-02
5.165000000000000036e+00 7.224453584084403190e-02
5.169999999999999929e+00 7.199464198812180471e-02
5.174999999999999822e+00 7.174580877946792890e-02
5.179999999999999716e+00 7.149750691660887447e-02
5.185000000000000497e+00 7.124985692215385358e-02
5.190000000000000391e+00 7.100317410292721065e-02
5.195000000000000284e+00 7.075702003005739094e-02
5.200000000000000178e+00 7.051159608897912545e-02
5.205000000000000071e+00 7.026705096943165751e-02
5.209999999999999964e+00 7.002303198681335272e-02
5.214999999999999858e+00 6.977981639149850868e-02
5.219999999999999751e+00 6.953739628383776017e-02
5.225000000000000533e+00 6.929549969402980236e-02
5.230000000000000426e+00 6.905447483457660685e-02
5.235000000000000320e+00 6.881416705403912981e-02
5.240000000000000213e+00 6.857438016296858729e-02
5.245000000000000107e+00 6.833552852759906815e-02
5.250000000000000000e+00 6.809732039351244770e-02
5.254999999999999893e+00 6.785963051153486025e-02
5.259999999999999787e+00 6.762293468698586663e-02
5.264999999999999680e+00 6.738681352381953316e-02
5.270000000000000462e+00 6.715121070492791056e-02
5.275000000000000355e+00 6.691665063866024388e-02
5.280000000000000249e+00 6.668260377706469733e-02
5.285000000000000142e+00 6.644912958998491770e-02
5.290000000000000036e+00 6.621663382047408841e-02
5.294999999999999929e+00 6.598464859830860396e-02
5.299999999999999822e+00 6.575328590354023728e-02
5.304999999999999716e+00 6.552284178458894770e-02
5.310000000000000497e+00 6.529290554793816537e-02
5.315000000000000391e+00 6.506363730550127067e-02
5.320000000000000284e+00 6.483523219981400521e-02
5.325000000000000178e+00 6.460733230399240412e-02
5.330000000000000071e+00 6.438014157372103086e-02
5.334999999999999964e+00 6.415376285389989830e-02
5.339999999999999858e+00 6.392788666444487733e-02
5.344999999999999751e+00 6.370275660626172065e-02
5.350000000000000533e+00 6.347839165578933462e-02
5.355000000000000426e+00 6.325452654944245523e-02
5.360000000000000320e+00 6.303144042361313870e-02
5.365000000000000213e+00 6.280907663782443751e-02
5.370000000000000107e+00 6.258721000350112029e-02
5.375000000000000000e+00 6.236615117086839050e-02
5.379999999999999893e+00 6.214577595791068859e-02
5.384999999999999787e+00 6.192589519765776679e-02
5.389999999999999680e+00 6.170684711985720272e-02
5.395000000000000462e+00 6.148844790163798812e-02
5.400000000000000355e+00 6.127054043157961066e-02
5.405000000000000249e+00 6.105348667123579320e-02
5.410000000000000142e+00 6.083705088435926306e-02
5.415000000000000036e+00 6.062110413563115419e-02
5.419999999999999929e+00 6.040602837736037262e-02
5.424999999999999822e+00 6.019154350045825136e-02
5.429999999999999716e+00 5.997754494643613155e-02
5.435000000000000497e+00 5.976443108492895950e-02
5.440000000000000391e+00 5.955188473482454087e-02
5.445000000000000284e+00 5.933982198692360627e-02
5.450000000000000178e+00 5.912865394877060005e-02
5.455000000000000071e+00 5.891803364586705588e-02
5.459999999999999964e+00 5.870789421981154055e-02
5.464999999999999858e+00 5.849865598969071490e-02
5.469999999999999751e+00 5.828994925187256509e-02
5.475000000000000533e+00 5.808172066125023847e-02
5.480000000000000426e+00 5.787439632168845521e-02
5.485000000000000320e+00 5.766759068610037564e-02
5.490000000000000213e+00 5.746126046406101195e-02
5.495000000000000107e+00 5.725583419909553023e-02
5.500000000000000000e+00 5.705091722299555218e-02
5.504999999999999893e+00 5.684647292310116007e-02
5.509999999999999787e+00 5.664292901832600896e-02
5.514999999999999680e+00 5.643988827992601348e-02
5.520000000000000462e+00 5.623731747698919314e-02
5.525000000000000355e+00 5.603564031958532116e-02
5.530000000000000249e+00 5.583446341888063241e-02
5.535000000000000142e+00 5.563375370979112972e-02
5.540000000000000036e+00 5.543392778854083769e-02
5.544999999999999929e+00 5.523460234812706260e-02
5.549999999999999822e+00 5.503574135266684625e-02
5.554999999999999716e+00 5.483775125795212896e-02
5.560000000000000497e+00 5.464026492383097094e-02
5.565000000000000391e+00 5.444324028547694455e-02
5.570000000000000284e+00 5.424707070926238633e-02
5.575000000000000178e+00 5.405141115163552418e-02
5.580000000000000071e+00 5.385621053835070587e-02
5.584999999999999964e+00 5.366184627415155478e-02
5.589999999999999858e+00 5.346800118820225350e-02
5.594999999999999751e+00 5.327461229321509700e-02
5.600000000000000533e+00 5.308203823605005256e-02
5.605000000000000426e+00 5.288999534271330433e-02
5.610000000000000320e+00 5.269840588528523773e-02
5.615000000000000213e+00 5.250760703161472948e-02
5.620000000000000107e+00 5.231735407833577184e-02
5.625000000000000000e+00 5.212755180451670439e-02
5.629999999999999893e+00 5.193851325216668896e-02
5.634999999999999787e+00 5.175003801364751882e-02
5.639999999999999680e+00 5.156201069701980833e-02
5.645000000000000462e+00 5.137471764509136951e-02
5.650000000000000355e+00 5.118800792402554423e-02
5.655000000000000249e+00 5.100174336643605033e-02
5.660000000000000142e+00 5.081618111520125325e-02
5.665000000000000036e+00 5.063122474299697195e-02
5.669999999999999929e+00 5.044671077527737579e-02
5.674999999999999822e+00 5.026286472606107669e-02
5.679999999999999716e+00 5.007964956355243080e-02
5.685000000000000497e+00 4.989687404622789035e-02
5.690000000000000391e+00 4.971472970127682051e-02
5.695000000000000284e+00 4.953324363942355341e-02
5.700000000000000178e+00 4.935219446340967375e-02
5.705000000000000071e+00 4.917173742574768025e-02
5.709999999999999964e+00 4.899196838632317863e-02
5.714999999999999858e+00 4.881263347361083221e-02
5.719999999999999751e+00 4.863384944688172590e-02
5.725000000000000533e+00 4.845578538314925660e-02
5.730000000000000426e+00 4.827815268747848165e-02
5.735000000000000320e+00 4.810102747577602034e-02
5.740000000000000213e+00 4.792465637315368454e-02
5.745000000000000107e+00 4.774871388067532252e-02
5.750000000000000000e+00 4.757323338836081522e-02
5.754999999999999893e+00 4.739854326507460247e-02
5.759999999999999787e+00 4.722427899500080545e-02
5.764999999999999680e+00 4.705044020510431441e-02
5.770000000000000462e+00 4.687740813423384861e-02
5.775000000000000355e+00 4.670481013947679755e-02
5.780000000000000249e+00 4.653263486668136190e-02
5.785000000000000142e+00 4.636121322360003960e-02
5.790000000000000036e+00 4.619026959139894972e-02
5.794999999999999929e+00 4.601974592449996349e-02
5.799999999999999822e+00 4.584992094481570024e-02
5.804999999999999716e+00 4.568061979735286299e-02
5.810000000000000497e+00 4.551173586033293444e-02
5.815000000000000391e+00 4.534349387919144742e-02
5.820000000000000284e+00 4.517582337419649013e-02
5.825000000000000178e+00 4.500856732682703004e-02
5.830000000000000071e+00 4.484189477866536155e-02
5.834999999999999964e+00 4.467584311000809272e-02
5.839999999999999858e+00 4.451020314843921744e-02
5.844999999999999751e+00 4.434508656672955795e-02
5.850000000000000533e+00 4.418064196500155749e-02
5.855000000000000426e+00 4.401660632234070253e-02
5.860000000000000320e+00 4.385303233932225098e-02
5.865000000000000213e+00 4.369018307240733062e-02
5.870000000000000107e+00 4.352774001928676889e-02
5.875000000000000000e+00 4.336570278993669841e-02
5.879999999999999893e+00 4.320442973932143299e-02
5.884999999999999787e+00 4.304356758445434389e-02
5.889999999999999680e+00 4.288310850904662047e-02
5.895000000000000462e+00 4.272334544752127289e-02
5.900000000000000355e+00 4.256405253824662588e-02
5.905000000000000249e+00 4.240515996739396137e-02
5.910000000000000142e+00 4.224689385425000471e-02
5.915000000000000036e+00 4.208915857706630598e-02
5.919999999999999929e+00 4.193182090076431195e-02
5.924999999999999822e+00 4.177503879296844136e-02
5.929999999999999716e+00 4.161884957405656560e-02
5.935000000000000497e+00 4.146305522220314344e-02
5.940000000000000391e+00 4.130774427407545718e-02
5.945000000000000284e+00 4.115308957981003019e-02
5.950000000000000178e+00 4.099882702271472751e-02
5.955000000000000071e+00 4.084497448559762378e-02
5.959999999999999964e+00 4.069184282304832978e-02
5.964999999999999858e+00 4.053910057192975508e-02
5.969999999999999751e+00 4.038674733037701803e-02
5.975000000000000533e+00 4.023507371126915089e-02
5.980000000000000426e+00 4.008384031874163977e-02
5.985000000000000320e+00 3.993299321280131819e-02
5.990000000000000213e+00 3.978274683136397843e-02
5.995000000000000107e+00 3.963301089191416382e-02
6.000000000000000000e+00 3.948365852070723214e-02
