# z  rho_DE/rho_DE0 (pre-registered shape, Mmin=1e10)
0.000000000000000000e+00 1.000000000000000000e+00
5.000000000000000104e-03 1.012148464316213081e+00
1.000000000000000021e-02 1.024329983315911408e+00
1.499999999999999944e-02 1.036543434328771163e+00
2.000000000000000042e-02 1.048787700010744395e+00
2.500000000000000139e-02 1.061061668700648219e+00
2.999999999999999889e-02 1.073364234766174263e+00
3.500000000000000333e-02 1.085694297652087803e+00
4.000000000000000083e-02 1.098050567658910515e+00
4.499999999999999833e-02 1.110431794175346321e+00
5.000000000000000278e-02 1.122837261364103556e+00
5.500000000000000028e-02 1.135265910293896008e+00
5.999999999999999778e-02 1.147716688492278481e+00
6.500000000000000222e-02 1.160188550154549025e+00
7.000000000000000666e-02 1.172680456342347854e+00
7.499999999999999722e-02 1.185191375171861017e+00
8.000000000000000167e-02 1.197720281991547786e+00
8.500000000000000611e-02 1.210266159549309828e+00
8.999999999999999667e-02 1.222827998149028872e+00
9.500000000000000111e-02 1.235404795796405386e+00
1.000000000000000056e-01 1.247995558334039190e+00
1.049999999999999961e-01 1.260599299565687392e+00
1.100000000000000006e-01 1.273215041369646361e+00
1.150000000000000050e-01 1.285841813801215316e+00
1.199999999999999956e-01 1.298478655184197583e+00
1.250000000000000000e-01 1.311124612191387762e+00
1.300000000000000044e-01 1.323778739914032609e+00
1.350000000000000089e-01 1.336439984739653752e+00
1.400000000000000133e-01 1.349107179299860126e+00
1.449999999999999900e-01 1.361779725141734287e+00
1.499999999999999944e-01 1.374456713724117485e+00
1.549999999999999989e-01 1.387137245255062545e+00
1.600000000000000033e-01 1.399820428697110097e+00
1.650000000000000078e-01 1.412505381761407275e+00
1.700000000000000122e-01 1.425191230890648475e+00
1.750000000000000167e-01 1.437877111230867699e+00
1.799999999999999933e-01 1.450561478968171558e+00
1.849999999999999978e-01 1.463244085208818657e+00
1.900000000000000022e-01 1.475924165536586452e+00
1.950000000000000067e-01 1.488600892984153656e+00
2.000000000000000111e-01 1.501273449150769324e+00
2.050000000000000155e-01 1.513940841816083793e+00
2.099999999999999922e-01 1.526601730017974834e+00
2.149999999999999967e-01 1.539256042890801535e+00
2.200000000000000011e-01 1.551902999639322767e+00
2.250000000000000056e-01 1.564541827644511107e+00
2.300000000000000100e-01 1.577171237239101131e+00
2.350000000000000144e-01 1.589790552678717717e+00
2.399999999999999911e-01 1.602399488571147668e+00
2.449999999999999956e-01 1.614997308665287790e+00
2.500000000000000000e-01 1.627582810343843445e+00
2.550000000000000044e-01 1.640155228745439286e+00
2.600000000000000089e-01 1.652714403298579660e+00
2.650000000000000133e-01 1.665259632589733751e+00
2.700000000000000178e-01 1.677789416070079476e+00
2.750000000000000222e-01 1.690303716955062319e+00
2.800000000000000266e-01 1.702802022272570159e+00
2.850000000000000311e-01 1.715283133323745712e+00
2.899999999999999800e-01 1.727746285248692448e+00
2.949999999999999845e-01 1.740191418747586205e+00
2.999999999999999889e-01 1.752617615331122813e+00
3.049999999999999933e-01 1.765023878963716042e+00
3.099999999999999978e-01 1.777410286138342510e+00
3.150000000000000022e-01 1.789775918753909290e+00
3.200000000000000067e-01 1.802119906535227356e+00
3.250000000000000111e-01 1.814442258566135946e+00
3.300000000000000155e-01 1.826741950394402236e+00
3.350000000000000200e-01 1.839018479356362867e+00
3.400000000000000244e-01 1.851271648233088429e+00
3.450000000000000289e-01 1.863500291603740866e+00
3.500000000000000333e-01 1.875704373829620852e+00
3.549999999999999822e-01 1.887883264943811312e+00
3.599999999999999867e-01 1.900036174635034714e+00
3.649999999999999911e-01 1.912163007036905116e+00
3.699999999999999956e-01 1.924262833852846688e+00
3.750000000000000000e-01 1.936335456896882246e+00
3.800000000000000044e-01 1.948380278411314226e+00
3.850000000000000089e-01 1.960396763002658638e+00
3.900000000000000133e-01 1.972384576780395804e+00
3.950000000000000178e-01 1.984343056114051818e+00
4.000000000000000222e-01 1.996271920100270991e+00
4.050000000000000266e-01 2.008170604493621170e+00
4.100000000000000311e-01 2.020038718509047371e+00
4.150000000000000355e-01 2.031875811326087966e+00
4.199999999999999845e-01 2.043681449415660989e+00
4.249999999999999889e-01 2.055455211992251119e+00
4.299999999999999933e-01 2.067196704047689071e+00
4.349999999999999978e-01 2.078905471205991784e+00
4.400000000000000022e-01 2.090581201056465943e+00
4.450000000000000067e-01 2.102223380022901100e+00
4.500000000000000111e-01 2.113831783471806336e+00
4.550000000000000155e-01 2.125405852728895262e+00
4.600000000000000200e-01 2.136945415541266158e+00
4.650000000000000244e-01 2.148449923617128832e+00
4.700000000000000289e-01 2.159919179462140626e+00
4.750000000000000333e-01 2.171352743661317586e+00
4.799999999999999822e-01 2.182750272014264858e+00
4.849999999999999867e-01 2.194111577093512899e+00
4.899999999999999911e-01 2.205436001101518162e+00
4.949999999999999956e-01 2.216723797894182724e+00
5.000000000000000000e-01 2.227973782209864861e+00
5.050000000000000044e-01 2.239186886202293003e+00
5.100000000000000089e-01 2.250361438261473612e+00
5.150000000000000133e-01 2.261498424653006989e+00
5.200000000000000178e-01 2.272596563959649263e+00
5.250000000000000222e-01 2.283656094650343693e+00
5.300000000000000266e-01 2.294676795370944156e+00
5.350000000000000311e-01 2.305657672582076323e+00
5.400000000000000355e-01 2.316599968393379338e+00
5.450000000000000400e-01 2.327501710411193248e+00
5.500000000000000444e-01 2.338364008471944810e+00
5.550000000000000488e-01 2.349185954915609553e+00
5.600000000000000533e-01 2.359966926689159639e+00
5.650000000000000577e-01 2.370708257068257829e+00
5.700000000000000622e-01 2.381407835456416766e+00
5.750000000000000666e-01 2.392066763583871492e+00
5.799999999999999600e-01 2.402684555869016858e+00
5.849999999999999645e-01 2.413259951514140411e+00
5.899999999999999689e-01 2.423795019058497147e+00
5.949999999999999734e-01 2.434287586532241310e+00
5.999999999999999778e-01 2.444737569589794379e+00
6.049999999999999822e-01 2.455146703341696046e+00
6.099999999999999867e-01 2.465512551759640125e+00
6.149999999999999911e-01 2.475835760082234938e+00
6.199999999999999956e-01 2.486117331062911884e+00
6.250000000000000000e-01 2.496355136276348308e+00
6.300000000000000044e-01 2.506549968685691354e+00
6.350000000000000089e-01 2.516702562519267605e+00
6.400000000000000133e-01 2.526810886981882387e+00
6.450000000000000178e-01 2.536875671164745327e+00
6.500000000000000222e-01 2.546898072533860358e+00
6.550000000000000266e-01 2.556875826484222625e+00
6.600000000000000311e-01 2.566809144012286215e+00
6.650000000000000355e-01 2.576700364805367904e+00
6.700000000000000400e-01 2.586546608276614645e+00
6.750000000000000444e-01 2.596347748437834557e+00
6.800000000000000488e-01 2.606106269985734247e+00
6.850000000000000533e-01 2.615820183639596230e+00
6.900000000000000577e-01 2.625488725899509657e+00
6.950000000000000622e-01 2.635112899603873071e+00
7.000000000000000666e-01 2.644693776751781300e+00
7.049999999999999600e-01 2.654229056748634186e+00
7.099999999999999645e-01 2.663718650587602710e+00
7.149999999999999689e-01 2.673164860562671663e+00
7.199999999999999734e-01 2.682566316247850136e+00
7.249999999999999778e-01 2.691921914278050831e+00
7.299999999999999822e-01 2.701231585106859345e+00
7.349999999999999867e-01 2.710498297283085556e+00
7.399999999999999911e-01 2.719719468723377886e+00
7.449999999999999956e-01 2.728894591505858891e+00
7.500000000000000000e-01 2.738023614235173486e+00
7.550000000000000044e-01 2.747109386587011759e+00
7.600000000000000089e-01 2.756149648751432757e+00
7.650000000000000133e-01 2.765143735297889815e+00
7.700000000000000178e-01 2.774091611686853032e+00
7.750000000000000222e-01 2.782995070629010748e+00
7.800000000000000266e-01 2.791854013942850710e+00
7.850000000000000311e-01 2.800666713364978744e+00
7.900000000000000355e-01 2.809433149936135354e+00
7.950000000000000400e-01 2.818153308753385211e+00
8.000000000000000444e-01 2.826830376748791451e+00
8.050000000000000488e-01 2.835461526699207369e+00
8.100000000000000533e-01 2.844046413308424448e+00
8.150000000000000577e-01 2.852585035706349803e+00
8.200000000000000622e-01 2.861077396712618182e+00
8.250000000000000666e-01 2.869526725530594291e+00
8.300000000000000711e-01 2.877930114672240247e+00
8.349999999999999645e-01 2.886287299073856172e+00
8.399999999999999689e-01 2.894598294083094103e+00
8.449999999999999734e-01 2.902863118379388929e+00
8.499999999999999778e-01 2.911083416030836535e+00
8.549999999999999822e-01 2.919259398751599566e+00
8.599999999999999867e-01 2.927389303975627133e+00
8.649999999999999911e-01 2.935473161456108482e+00
8.699999999999999956e-01 2.943511003930540770e+00
8.750000000000000000e-01 2.951502867054363044e+00
8.800000000000000044e-01 2.959450195776611725e+00
8.850000000000000089e-01 2.967353511217355244e+00
8.900000000000000133e-01 2.975210978434496667e+00
8.950000000000000178e-01 2.983022642491543586e+00
9.000000000000000222e-01 2.990788551036788423e+00
9.050000000000000266e-01 2.998508754239495033e+00
9.100000000000000311e-01 3.006183304726495642e+00
9.150000000000000355e-01 3.013813973050538664e+00
9.200000000000000400e-01 3.021400467827992653e+00
9.250000000000000444e-01 3.028941476979835734e+00
9.300000000000000488e-01 3.036437060710347247e+00
9.350000000000000533e-01 3.043887281367065878e+00
9.400000000000000577e-01 3.051292203380374435e+00
9.450000000000000622e-01 3.058651893203546468e+00
9.500000000000000666e-01 3.065966419253261854e+00
9.550000000000000711e-01 3.073237095495692905e+00
9.599999999999999645e-01 3.080464270927258497e+00
9.649999999999999689e-01 3.087646480344057753e+00
9.699999999999999734e-01 3.094783797805462200e+00
9.749999999999999778e-01 3.101876299043927254e+00
9.799999999999999822e-01 3.108924061408882888e+00
9.849999999999999867e-01 3.115927163811168299e+00
9.899999999999999911e-01 3.122885686667980387e+00
9.949999999999999956e-01 3.129799711848378241e+00
1.000000000000000000e+00 3.136669322619314304e+00
1.005000000000000115e+00 3.143494980629828461e+00
1.010000000000000009e+00 3.150278283644733612e+00
1.015000000000000124e+00 3.157017394537032118e+00
1.020000000000000018e+00 3.163712400046043705e+00
1.024999999999999911e+00 3.170363388051211206e+00
1.030000000000000027e+00 3.176970447521898944e+00
1.034999999999999920e+00 3.183533668467747102e+00
1.040000000000000036e+00 3.190053141889630961e+00
1.044999999999999929e+00 3.196528959731206765e+00
1.050000000000000044e+00 3.202961214831047343e+00
1.054999999999999938e+00 3.209350000875362152e+00
1.060000000000000053e+00 3.215695429732071897e+00
1.064999999999999947e+00 3.221997623252656595e+00
1.070000000000000062e+00 3.228256681603190792e+00
1.074999999999999956e+00 3.234472698322764739e+00
1.080000000000000071e+00 3.240645767857899262e+00
1.084999999999999964e+00 3.246775985523151054e+00
1.090000000000000080e+00 3.252864709107206931e+00
1.094999999999999973e+00 3.258910723225469486e+00
1.100000000000000089e+00 3.264914114336181949e+00
1.104999999999999982e+00 3.270874979397798032e+00
1.110000000000000098e+00 3.276793416040943097e+00
1.114999999999999991e+00 3.282669522529739314e+00
1.120000000000000107e+00 3.288503397723629096e+00
1.125000000000000000e+00 3.294295141039742081e+00
1.130000000000000115e+00 3.300044852415771501e+00
1.135000000000000009e+00 3.305752632273350144e+00
1.140000000000000124e+00 3.311418581481983203e+00
1.145000000000000018e+00 3.317042801323476731e+00
1.150000000000000133e+00 3.322625393456905663e+00
1.155000000000000027e+00 3.328166459884106754e+00
1.159999999999999920e+00 3.333666102915703089e+00
1.165000000000000036e+00 3.339124425137637076e+00
1.169999999999999929e+00 3.344541529378268763e+00
1.175000000000000044e+00 3.349917518675964878e+00
1.179999999999999938e+00 3.355252496247252303e+00
1.185000000000000053e+00 3.360546565455486245e+00
1.189999999999999947e+00 3.365799829780049990e+00
1.195000000000000062e+00 3.371012392786102652e+00
1.199999999999999956e+00 3.376184358094846516e+00
1.205000000000000071e+00 3.381315829354321956e+00
1.209999999999999964e+00 3.386406910210757903e+00
1.215000000000000080e+00 3.391457704280445462e+00
1.219999999999999973e+00 3.396468315122131543e+00
1.225000000000000089e+00 3.401438846209973832e+00
1.229999999999999982e+00 3.406369400907001133e+00
1.235000000000000098e+00 3.411260082439125263e+00
1.239999999999999991e+00 3.416110993869682311e+00
1.245000000000000107e+00 3.420922238074513455e+00
1.250000000000000000e+00 3.425693917717539172e+00
1.255000000000000115e+00 3.430426135226925854e+00
1.260000000000000009e+00 3.435119377295897003e+00
1.265000000000000124e+00 3.439774613399183334e+00
1.270000000000000018e+00 3.444390797818994709e+00
1.275000000000000133e+00 3.448968032859722754e+00
1.280000000000000027e+00 3.453506420463420934e+00
1.284999999999999920e+00 3.458006062188890617e+00
1.290000000000000036e+00 3.462467059191271623e+00
1.294999999999999929e+00 3.466889512202188328e+00
1.300000000000000044e+00 3.471273521510400251e+00
1.304999999999999938e+00 3.475619186942985550e+00
1.310000000000000053e+00 3.479926607847045883e+00
1.314999999999999947e+00 3.484195883071913968e+00
1.320000000000000062e+00 3.488427110951920262e+00
1.324999999999999956e+00 3.492620389289621485e+00
1.330000000000000071e+00 3.496775815339598914e+00
1.334999999999999964e+00 3.500893485792734072e+00
1.340000000000000080e+00 3.504973496761013330e+00
1.344999999999999973e+00 3.509015943762836098e+00
1.350000000000000089e+00 3.513023387231044126e+00
1.354999999999999982e+00 3.516994432406965743e+00
1.360000000000000098e+00 3.520928318434960680e+00
1.364999999999999991e+00 3.524825139086758874e+00
1.370000000000000107e+00 3.528684987455749766e+00
1.375000000000000000e+00 3.532507955945119349e+00
1.380000000000000115e+00 3.536294136256489917e+00
1.385000000000000009e+00 3.540043619379042550e+00
1.390000000000000124e+00 3.543756495579161836e+00
1.395000000000000018e+00 3.547432854390546009e+00
1.400000000000000133e+00 3.551072784604829113e+00
1.405000000000000027e+00 3.554676930931167433e+00
1.409999999999999920e+00 3.558248869275063786e+00
1.415000000000000036e+00 3.561784771203934330e+00
1.419999999999999929e+00 3.565284723027430047e+00
1.425000000000000044e+00 3.568748810252567516e+00
1.429999999999999938e+00 3.572177117577049366e+00
1.435000000000000053e+00 3.575569728883076337e+00
1.439999999999999947e+00 3.578926727231600324e+00
1.445000000000000062e+00 3.582248194857093004e+00
1.449999999999999956e+00 3.585534213162740347e+00
1.455000000000000071e+00 3.588788682571320887e+00
1.459999999999999964e+00 3.592009760234825322e+00
1.465000000000000080e+00 3.595195764118178428e+00
1.469999999999999973e+00 3.598346772639712032e+00
1.475000000000000089e+00 3.601462863346922560e+00
1.479999999999999982e+00 3.604544112914252363e+00
1.485000000000000098e+00 3.607590597141361322e+00
1.489999999999999991e+00 3.610602390951820340e+00
1.495000000000000107e+00 3.613582674730120736e+00
1.500000000000000000e+00 3.616531923102912938e+00
1.505000000000000115e+00 3.619446840765184081e+00
1.510000000000000009e+00 3.622327499351837510e+00
1.515000000000000124e+00 3.625173969598063817e+00
1.520000000000000018e+00 3.627986321340513243e+00
1.525000000000000133e+00 3.630764623518904166e+00
1.530000000000000027e+00 3.633509659237156075e+00
1.535000000000000142e+00 3.636227469493751752e+00
1.540000000000000036e+00 3.638911574485208966e+00
1.544999999999999929e+00 3.641562039664860251e+00
1.550000000000000044e+00 3.644178929578778980e+00
1.554999999999999938e+00 3.646762307869773512e+00
1.560000000000000053e+00 3.649312237281775673e+00
1.564999999999999947e+00 3.651831373188132002e+00
1.570000000000000062e+00 3.654322807558891828e+00
1.574999999999999956e+00 3.656781120556363618e+00
1.580000000000000071e+00 3.659206371308580952e+00
1.584999999999999964e+00 3.661598618047122056e+00
1.590000000000000080e+00 3.663957918113807555e+00
1.594999999999999973e+00 3.666284364899554671e+00
1.600000000000000089e+00 3.668586845637287652e+00
1.604999999999999982e+00 3.670856692157240531e+00
1.610000000000000098e+00 3.673093958115464464e+00
1.614999999999999991e+00 3.675298696291052547e+00
1.620000000000000107e+00 3.677470958595018491e+00
1.625000000000000000e+00 3.679611368998700893e+00
1.630000000000000115e+00 3.681728437913915908e+00
1.635000000000000009e+00 3.683813327702276208e+00
1.640000000000000124e+00 3.685866086564692612e+00
1.645000000000000018e+00 3.687886761856796980e+00
1.650000000000000133e+00 3.689875400248316506e+00
1.655000000000000027e+00 3.691836357783956135e+00
1.660000000000000142e+00 3.693771449162012388e+00
1.665000000000000036e+00 3.695674881617319496e+00
1.669999999999999929e+00 3.697546704308821486e+00
1.675000000000000044e+00 3.699386961275056951e+00
1.679999999999999938e+00 3.701196147902503508e+00
1.685000000000000053e+00 3.702984325830898538e+00
1.689999999999999947e+00 3.704741215187631997e+00
1.695000000000000062e+00 3.706466857488246891e+00
1.699999999999999956e+00 3.708161293630067856e+00
1.705000000000000071e+00 3.709824563896860106e+00
1.709999999999999964e+00 3.711466871326757122e+00
1.715000000000000080e+00 3.713079585252029968e+00
1.719999999999999973e+00 3.714661399825766264e+00
1.725000000000000089e+00 3.716212352780775330e+00
1.729999999999999982e+00 3.717732481246903031e+00
1.735000000000000098e+00 3.719232907874059801e+00
1.739999999999999991e+00 3.720703745678794583e+00
1.745000000000000107e+00 3.722144016502104691e+00
1.750000000000000000e+00 3.723553754910451374e+00
1.755000000000000115e+00 3.724934488600980309e+00
1.760000000000000009e+00 3.726295960886277125e+00
1.765000000000000124e+00 3.727627151001032590e+00
1.770000000000000018e+00 3.728928090940366147e+00
1.775000000000000133e+00 3.730198812123250551e+00
1.780000000000000027e+00 3.731445566958686122e+00
1.785000000000000142e+00 3.732669242821966993e+00
1.790000000000000036e+00 3.733862940756088822e+00
1.794999999999999929e+00 3.735026689624973972e+00
1.800000000000000044e+00 3.736160517738771336e+00
1.804999999999999938e+00 3.737277663100605274e+00
1.810000000000000053e+00 3.738365639341915792e+00
1.814999999999999947e+00 3.739423926108166096e+00
1.820000000000000062e+00 3.740452549185871334e+00
1.824999999999999956e+00 3.741459662100323769e+00
1.830000000000000071e+00 3.742443399923550018e+00
1.834999999999999964e+00 3.743397697684319958e+00
1.840000000000000080e+00 3.744322578671021251e+00
1.844999999999999973e+00 3.745222364282505101e+00
1.850000000000000089e+00 3.746103309174404039e+00
1.854999999999999982e+00 3.746955053196904473e+00
1.860000000000000098e+00 3.747777617174560039e+00
1.864999999999999991e+00 3.748572763895613225e+00
1.870000000000000107e+00 3.749352322936446491e+00
1.875000000000000000e+00 3.750102910072804274e+00
1.880000000000000115e+00 3.750824543708177305e+00
1.885000000000000009e+00 3.751517721067607614e+00
1.890000000000000124e+00 3.752197262440120085e+00
1.895000000000000018e+00 3.752848050668665891e+00
1.900000000000000133e+00 3.753470101786632984e+00
1.905000000000000027e+00 3.754063958386274713e+00
1.910000000000000142e+00 3.754644811008121419e+00
1.915000000000000036e+00 3.755197119096944647e+00
1.919999999999999929e+00 3.755720896374858508e+00
1.925000000000000044e+00 3.756218057952257272e+00
1.929999999999999938e+00 3.756701511227599877e+00
1.935000000000000053e+00 3.757156618516191315e+00
1.939999999999999947e+00 3.757583391295300501e+00
1.945000000000000062e+00 3.757986458889440939e+00
1.949999999999999956e+00 3.758373762575671240e+00
1.955000000000000071e+00 3.758732908870610512e+00
1.959999999999999964e+00 3.759063907080363087e+00
1.965000000000000080e+00 3.759375455297533364e+00
1.969999999999999973e+00 3.759667819483055062e+00
1.975000000000000089e+00 3.759932205063592381e+00
1.979999999999999982e+00 3.760168619254782740e+00
1.985000000000000098e+00 3.760391194631853118e+00
1.989999999999999991e+00 3.760589789820809603e+00
1.995000000000000107e+00 3.760760575550412987e+00
2.000000000000000000e+00 3.760906065885585292e+00
2.004999999999999893e+00 3.761039676495302686e+00
2.010000000000000231e+00 3.761145633795367260e+00
2.015000000000000124e+00 3.761223941335195331e+00
2.020000000000000018e+00 3.761284839428616245e+00
2.024999999999999911e+00 3.761326751827906989e+00
2.030000000000000249e+00 3.761341163237116536e+00
2.035000000000000142e+00 3.761328211482374062e+00
2.040000000000000036e+00 3.761306845930352694e+00
2.044999999999999929e+00 3.761258122479243848e+00
2.049999999999999822e+00 3.761182041268055443e+00
2.055000000000000160e+00 3.761088790235468160e+00
2.060000000000000053e+00 3.760977676604489783e+00
2.064999999999999947e+00 3.760839341149417425e+00
2.069999999999999840e+00 3.760675416194029452e+00
2.075000000000000178e+00 3.760502640446452105e+00
2.080000000000000071e+00 3.760302773271448462e+00
2.084999999999999964e+00 3.760075811684463698e+00
2.089999999999999858e+00 3.759835785676370890e+00
2.095000000000000195e+00 3.759575092740709223e+00
2.100000000000000089e+00 3.759287428909290352e+00
2.104999999999999982e+00 3.758979840407604023e+00
2.109999999999999876e+00 3.758659011123982374e+00
2.115000000000000213e+00 3.758311329097330677e+00
2.120000000000000107e+00 3.757937488855958019e+00
2.125000000000000000e+00 3.757557196127149890e+00
2.129999999999999893e+00 3.757150163519108244e+00
2.135000000000000231e+00 3.756716383968536466e+00
2.140000000000000124e+00 3.756272271327905088e+00
2.145000000000000018e+00 3.755806539377420705e+00
2.149999999999999911e+00 3.755314166923175989e+00
2.155000000000000249e+00 3.754806815960793465e+00
2.160000000000000142e+00 3.754283019609619299e+00
2.165000000000000036e+00 3.753732684127067731e+00
2.169999999999999929e+00 3.753163364753111075e+00
2.175000000000000266e+00 3.752582122740179216e+00
2.180000000000000160e+00 3.751974437995307721e+00
2.185000000000000053e+00 3.751344407810190962e+00
2.189999999999999947e+00 3.750706322782116242e+00
2.194999999999999840e+00 3.750041886547318182e+00
2.200000000000000178e+00 3.749352390548604141e+00
2.205000000000000071e+00 3.748658049185833452e+00
2.209999999999999964e+00 3.747937443371124111e+00
2.214999999999999858e+00 3.747190560683969718e+00
2.220000000000000195e+00 3.746439686833997751e+00
2.225000000000000089e+00 3.745663477633147220e+00
2.229999999999999982e+00 3.744861072766484167e+00
2.234999999999999876e+00 3.744053576080909274e+00
2.240000000000000213e+00 3.743222314132053974e+00
2.245000000000000107e+00 3.742364933240300395e+00
2.250000000000000000e+00 3.741502012835212110e+00
2.254999999999999893e+00 3.740616233395380075e+00
2.260000000000000231e+00 3.739704407371180483e+00
2.265000000000000124e+00 3.738787248684356079e+00
2.270000000000000018e+00 3.737847471817455247e+00
2.274999999999999911e+00 3.736881716483986260e+00
2.280000000000000249e+00 3.735911491059611400e+00
2.285000000000000142e+00 3.734918221837437269e+00
2.290000000000000036e+00 3.733899038153488448e+00
2.294999999999999929e+00 3.732876903440291105e+00
2.300000000000000266e+00 3.731830632156018179e+00
2.305000000000000160e+00 3.730758622159062288e+00
2.310000000000000053e+00 3.729685605595868925e+00
2.314999999999999947e+00 3.728586807989604068e+00
2.319999999999999840e+00 3.727464808201847113e+00
2.325000000000000178e+00 3.726339673864678570e+00
2.330000000000000071e+00 3.725188811360660157e+00
2.334999999999999964e+00 3.724017942584951335e+00
2.339999999999999858e+00 3.722841141468077097e+00
2.345000000000000195e+00 3.721638661423001260e+00
2.350000000000000089e+00 3.720420029714389898e+00
2.354999999999999982e+00 3.719191998858681458e+00
2.359999999999999876e+00 3.717938334820768631e+00
2.365000000000000213e+00 3.716673031342457634e+00
2.370000000000000107e+00 3.715394194101548031e+00
2.375000000000000000e+00 3.714089766079948340e+00
2.379999999999999893e+00 3.712778866970691372e+00
2.385000000000000231e+00 3.711449633287174699e+00
2.390000000000000124e+00 3.710094848031226356e+00
2.395000000000000018e+00 3.708739414283741542e+00
2.399999999999999911e+00 3.707360180974995423e+00
2.405000000000000249e+00 3.705959895569618912e+00
2.410000000000000142e+00 3.704556509613198489e+00
2.415000000000000036e+00 3.703127660666399645e+00
2.419999999999999929e+00 3.701684609036678175e+00
2.425000000000000266e+00 3.700231951668807806e+00
2.430000000000000160e+00 3.698753876749621750e+00
2.435000000000000053e+00 3.697269161304000296e+00
2.439999999999999947e+00 3.695767731387474164e+00
2.444999999999999840e+00 3.694240940386591898e+00
2.450000000000000178e+00 3.692715699208420244e+00
2.455000000000000071e+00 3.691165903913822266e+00
2.459999999999999964e+00 3.689598535651152922e+00
2.464999999999999858e+00 3.688026013653582069e+00
2.470000000000000195e+00 3.686428202843296642e+00
2.475000000000000089e+00 3.684822016008155732e+00
2.479999999999999982e+00 3.683201796246741822e+00
2.484999999999999876e+00 3.681556310585555547e+00
2.490000000000000213e+00 3.679912292099013715e+00
2.495000000000000107e+00 3.678244708176521272e+00
2.500000000000000000e+00 3.676560422231492264e+00
2.504999999999999893e+00 3.674871003948994019e+00
2.510000000000000231e+00 3.673156380566983348e+00
2.515000000000000124e+00 3.671435920695654609e+00
2.520000000000000018e+00 3.669699761686240791e+00
2.524999999999999911e+00 3.667940175639434752e+00
2.530000000000000249e+00 3.666182736453404090e+00
2.535000000000000142e+00 3.664400145918030205e+00
2.540000000000000036e+00 3.662606013062415400e+00
2.544999999999999929e+00 3.660802429368883448e+00
2.550000000000000266e+00 3.658973708118837820e+00
2.555000000000000160e+00 3.657145964386598447e+00
2.560000000000000053e+00 3.655296530365086838e+00
2.564999999999999947e+00 3.653431444567148301e+00
2.569999999999999840e+00 3.651561540070381362e+00
2.575000000000000178e+00 3.649666541831375177e+00
2.580000000000000071e+00 3.647769421857018024e+00
2.584999999999999964e+00 3.645854222244087506e+00
2.589999999999999858e+00 3.643920854746134363e+00
2.595000000000000195e+00 3.641985687952564721e+00
2.600000000000000089e+00 3.640025465135204641e+00
2.604999999999999982e+00 3.638061609047615441e+00
2.609999999999999876e+00 3.636081677137534829e+00
2.615000000000000213e+00 3.634082650019760941e+00
2.620000000000000107e+00 3.632083235251506004e+00
2.625000000000000000e+00 3.630058796452711345e+00
2.629999999999999893e+00 3.628030795092231919e+00
2.635000000000000231e+00 3.625987120791224871e+00
2.640000000000000124e+00 3.623925006683601957e+00
2.645000000000000018e+00 3.621862315307386115e+00
2.649999999999999911e+00 3.619774626543700080e+00
2.655000000000000249e+00 3.617685021215436780e+00
2.660000000000000142e+00 3.615578552290585890e+00
2.665000000000000036e+00 3.613455874155157233e+00
2.669999999999999929e+00 3.611330835846197740e+00
2.675000000000000266e+00 3.609180821821348584e+00
2.680000000000000160e+00 3.607032104116546289e+00
2.685000000000000053e+00 3.604863747477509150e+00
2.689999999999999947e+00 3.602682978457155905e+00
2.694999999999999840e+00 3.600496482494462303e+00
2.700000000000000178e+00 3.598285027897680344e+00
2.705000000000000071e+00 3.596079639579289999e+00
2.709999999999999964e+00 3.593850262589341593e+00
2.714999999999999858e+00 3.591613825919291791e+00
2.720000000000000195e+00 3.589366722508894991e+00
2.725000000000000089e+00 3.587099643189136877e+00
2.729999999999999982e+00 3.584835006289315729e+00
2.734999999999999876e+00 3.582545438102384683e+00
2.740000000000000213e+00 3.580255707080831851e+00
2.745000000000000107e+00 3.577948808703703243e+00
2.750000000000000000e+00 3.575629412560652032e+00
2.754999999999999893e+00 3.573305369842631585e+00
2.760000000000000231e+00 3.570956704943716531e+00
2.765000000000000124e+00 3.568615700777496791e+00
2.770000000000000018e+00 3.566249783559071851e+00
2.774999999999999911e+00 3.563880375338976947e+00
2.780000000000000249e+00 3.561497686928670969e+00
2.785000000000000142e+00 3.559099961943165358e+00
2.790000000000000036e+00 3.556700678396629733e+00
2.794999999999999929e+00 3.554276483494913208e+00
2.800000000000000266e+00 3.551859318110614172e+00
2.805000000000000160e+00 3.549418709672512495e+00
2.810000000000000053e+00 3.546974160856617431e+00
2.814999999999999947e+00 3.544517308285366486e+00
2.819999999999999840e+00 3.542045756075110408e+00
2.825000000000000178e+00 3.539572825973386738e+00
2.830000000000000071e+00 3.537074990121353846e+00
2.834999999999999964e+00 3.534585804072470694e+00
2.839999999999999858e+00 3.532072060297364313e+00
2.845000000000000195e+00 3.529556778632710223e+00
2.850000000000000089e+00 3.527027287141014877e+00
2.854999999999999982e+00 3.524486280437323593e+00
2.859999999999999876e+00 3.521941198728598899e+00
2.865000000000000213e+00 3.519374835022444081e+00
2.870000000000000107e+00 3.516814317914548571e+00
2.875000000000000000e+00 3.514228897666919593e+00
2.879999999999999893e+00 3.511647162352224072e+00
2.885000000000000231e+00 3.509046461486407864e+00
2.890000000000000124e+00 3.506440244515395044e+00
2.895000000000000018e+00 3.503824411785309678e+00
2.899999999999999911e+00 3.501194071720465484e+00
2.905000000000000249e+00 3.498563253294932895e+00
2.910000000000000142e+00 3.495909146149376756e+00
2.915000000000000036e+00 3.493263485638228527e+00
2.919999999999999929e+00 3.490592914256593904e+00
2.925000000000000266e+00 3.487925603353544624e+00
2.930000000000000160e+00 3.485240330851101298e+00
2.935000000000000053e+00 3.482550095919037414e+00
2.939999999999999947e+00 3.479850260180938015e+00
2.944999999999999840e+00 3.477137447777716606e+00
2.950000000000000178e+00 3.474423184229002093e+00
2.955000000000000071e+00 3.471688138363060450e+00
2.959999999999999964e+00 3.468959579995447129e+00
2.964999999999999858e+00 3.466206094705116758e+00
2.970000000000000195e+00 3.463459919524027875e+00
2.975000000000000089e+00 3.460692267584566828e+00
2.979999999999999982e+00 3.457924669929039574e+00
2.984999999999999876e+00 3.455142978951723620e+00
2.990000000000000213e+00 3.452354293422792875e+00
2.995000000000000107e+00 3.449558688686094055e+00
3.000000000000000000e+00 3.446749247343576794e+00
3.004999999999999893e+00 3.443939851820442932e+00
3.010000000000000231e+00 3.441109984184179016e+00
3.015000000000000124e+00 3.438286918569386952e+00
3.020000000000000018e+00 3.435438899372571075e+00
3.024999999999999911e+00 3.432600334358472338e+00
3.030000000000000249e+00 3.429738758716756930e+00
3.035000000000000142e+00 3.426880539853718322e+00
3.040000000000000036e+00 3.424005523503081516e+00
3.044999999999999929e+00 3.421127970991602041e+00
3.050000000000000266e+00 3.418239627491720611e+00
3.055000000000000160e+00 3.415343059009511517e+00
3.060000000000000053e+00 3.412441499771401432e+00
3.064999999999999947e+00 3.409526230476535691e+00
3.070000000000000284e+00 3.406611564790303692e+00
3.075000000000000178e+00 3.403677907324740737e+00
3.080000000000000071e+00 3.400750242387339028e+00
3.084999999999999964e+00 3.397798506880776337e+00
3.089999999999999858e+00 3.394857947823841648e+00
3.095000000000000195e+00 3.391892387376780782e+00
3.100000000000000089e+00 3.388935091815589828e+00
3.104999999999999982e+00 3.385956733049117151e+00
3.109999999999999876e+00 3.382982080565188454e+00
3.115000000000000213e+00 3.379991024225179608e+00
3.120000000000000107e+00 3.376999315794773082e+00
3.125000000000000000e+00 3.373995660664343088e+00
3.129999999999999893e+00 3.370987194779075935e+00
3.135000000000000231e+00 3.367971037706461335e+00
3.140000000000000124e+00 3.364946110378720157e+00
3.145000000000000018e+00 3.361917546305234428e+00
3.149999999999999911e+00 3.358876451073888436e+00
3.155000000000000249e+00 3.355835573061811239e+00
3.160000000000000142e+00 3.352778600998217229e+00
3.165000000000000036e+00 3.349725500258733835e+00
3.169999999999999929e+00 3.346652939972961427e+00
3.175000000000000266e+00 3.343587705894090600e+00
3.180000000000000160e+00 3.340499843541448133e+00
3.185000000000000053e+00 3.337422563715948254e+00
3.189999999999999947e+00 3.334320207565903971e+00
3.195000000000000284e+00 3.331230443257005014e+00
3.200000000000000178e+00 3.328116118128803258e+00
3.205000000000000071e+00 3.325011709869444054e+00
3.209999999999999964e+00 3.321885499689285925e+00
3.214999999999999858e+00 3.318766724760057407e+00
3.220000000000000195e+00 3.315628711760699954e+00
3.225000000000000089e+00 3.312495845025504870e+00
3.229999999999999982e+00 3.309346109774002898e+00
3.234999999999999876e+00 3.306199423687799843e+00
3.240000000000000213e+00 3.303038045113223742e+00
3.245000000000000107e+00 3.299877809729956812e+00
3.250000000000000000e+00 3.296704865151083741e+00
3.254999999999999893e+00 3.293531348131800485e+00
3.260000000000000231e+00 3.290346913284709629e+00
3.265000000000000124e+00 3.287160379905938346e+00
3.270000000000000018e+00 3.283964528971627050e+00
3.274999999999999911e+00 3.280765242133867776e+00
3.280000000000000249e+00 3.277558047765759763e+00
3.285000000000000142e+00 3.274346268002229277e+00
3.290000000000000036e+00 3.271127801353646891e+00
3.294999999999999929e+00 3.267903786839166713e+00
3.300000000000000266e+00 3.264674117590732116e+00
3.305000000000000160e+00 3.261438124150814133e+00
3.310000000000000053e+00 3.258197320537804309e+00
3.314999999999999947e+00 3.254949601657876723e+00
3.320000000000000284e+00 3.251697730497467909e+00
3.325000000000000178e+00 3.248438537332309028e+00
3.330000000000000071e+00 3.245175664050796716e+00
3.334999999999999964e+00 3.241905245434086424e+00
3.339999999999999858e+00 3.238631434093981909e+00
3.345000000000000195e+00 3.235350036548019226e+00
3.350000000000000089e+00 3.232065349875107074e+00
3.354999999999999982e+00 3.228773217620689806e+00
3.359999999999999876e+00 3.225477717030957869e+00
3.365000000000000213e+00 3.222175091997391494e+00
3.370000000000000107e+00 3.218868837623896972e+00
3.375000000000000000e+00 3.215555959459154067e+00
3.379999999999999893e+00 3.212239010178800314e+00
3.385000000000000231e+00 3.208916116259773244e+00
3.390000000000000124e+00 3.205588529719980428e+00
3.395000000000000018e+00 3.202255855162916554e+00
3.399999999999999911e+00 3.198917687808203070e+00
3.405000000000000249e+00 3.195575465479234545e+00
3.410000000000000142e+00 3.192226772577678506e+00
3.415000000000000036e+00 3.188875233103463991e+00
3.419999999999999929e+00 3.185516068773087017e+00
3.425000000000000266e+00 3.182155440551593717e+00
3.430000000000000160e+00 3.178785857786607050e+00
3.435000000000000053e+00 3.175416366997966477e+00
3.439999999999999947e+00 3.172036417694927835e+00
3.445000000000000284e+00 3.168658288312428795e+00
3.450000000000000178e+00 3.165268023296300193e+00
3.455000000000000071e+00 3.161881477097461257e+00
3.459999999999999964e+00 3.158480946147493640e+00
3.464999999999999858e+00 3.155086202725239986e+00
3.470000000000000195e+00 3.151675454600805892e+00
3.475000000000000089e+00 3.148272731374750499e+00
3.479999999999999982e+00 3.144851813841015087e+00
3.484999999999999876e+00 3.141441326068787454e+00
3.490000000000000213e+00 3.138010285922269826e+00
3.495000000000000107e+00 3.134592246710977026e+00
3.500000000000000000e+00 3.131151540374773390e+00
3.504999999999999893e+00 3.127725750122720250e+00
3.510000000000000231e+00 3.124277862501787073e+00
3.515000000000000124e+00 3.120842090080094167e+00
3.520000000000000018e+00 3.117387229141460381e+00
3.524999999999999911e+00 3.113941517350691690e+00
3.530000000000000249e+00 3.110479888947374594e+00
3.535000000000000142e+00 3.107024279730388638e+00
3.540000000000000036e+00 3.103556087613234205e+00
3.544999999999999929e+00 3.100090622080080127e+00
3.550000000000000266e+00 3.096616067909623293e+00
3.555000000000000160e+00 3.093140786362273964e+00
3.560000000000000053e+00 3.089660069720686852e+00
3.564999999999999947e+00 3.086175011677664504e+00
3.570000000000000284e+00 3.082688330080765926e+00
3.575000000000000178e+00 3.079193534301588819e+00
3.580000000000000071e+00 3.075701083210878206e+00
3.584999999999999964e+00 3.072196593952535970e+00
3.589999999999999858e+00 3.068698591608787662e+00
3.595000000000000195e+00 3.065184465942873082e+00
3.600000000000000089e+00 3.061681132899888080e+00
3.604999999999999982e+00 3.058157429071165723e+00
3.609999999999999876e+00 3.054648956753769795e+00
3.615000000000000213e+00 3.051119594667863755e+00
3.620000000000000107e+00 3.047602289959434163e+00
3.625000000000000000e+00 3.044068127599614648e+00
3.629999999999999893e+00 3.040541356884524760e+00
3.635000000000000231e+00 3.037002581125104683e+00
3.640000000000000124e+00 3.033466379525668888e+00
3.645000000000000018e+00 3.029923175424499071e+00
3.649999999999999911e+00 3.026377577537945118e+00
3.655000000000000249e+00 3.022830128348011680e+00
3.660000000000000142e+00 3.019275168264234477e+00
3.665000000000000036e+00 3.015723655445248230e+00
3.669999999999999929e+00 3.012159366764405544e+00
3.675000000000000266e+00 3.008603969994394944e+00
3.680000000000000160e+00 3.005030385844311258e+00
3.685000000000000053e+00 3.001471283031221571e+00
3.689999999999999947e+00 2.997892391247718002e+00
3.695000000000000284e+00 2.994325803377939632e+00
3.700000000000000178e+00 2.990743524962352851e+00
3.705000000000000071e+00 2.987167737671906131e+00
3.709999999999999964e+00 2.983582246189968146e+00
3.714999999999999858e+00 2.979997290394118981e+00
3.720000000000000195e+00 2.976408757679113837e+00
3.725000000000000089e+00 2.972814663897573872e+00
3.729999999999999982e+00 2.969223260061964353e+00
3.734999999999999876e+00 2.965620058435447071e+00
3.740000000000000213e+00 2.962025951882473418e+00
3.745000000000000107e+00 2.958413672189069032e+00
3.750000000000000000e+00 2.954817029624356106e+00
3.754999999999999893e+00 2.951201516382320644e+00
3.760000000000000231e+00 2.947596687738889720e+00
3.765000000000000124e+00 2.943978941523167858e+00
3.770000000000000018e+00 2.940365118672545020e+00
3.774999999999999911e+00 2.936745302008271441e+00
3.780000000000000249e+00 2.933122512894445144e+00
3.785000000000000142e+00 2.929500786646959565e+00
3.790000000000000036e+00 2.925869058923607824e+00
3.794999999999999929e+00 2.922245582310007084e+00
3.800000000000000266e+00 2.918604943356023718e+00
3.805000000000000160e+00 2.914979873956702772e+00
3.810000000000000053e+00 2.911336685887691456e+00
3.814999999999999947e+00 2.907703844661717163e+00
3.820000000000000284e+00 2.904059353439110591e+00
3.825000000000000178e+00 2.900417675641765669e+00
3.830000000000000071e+00 2.896772034802360007e+00
3.834999999999999964e+00 2.893121546282109158e+00
3.839999999999999858e+00 2.889474907763768030e+00
3.845000000000000195e+00 2.885815634162851140e+00
3.850000000000000089e+00 2.882168148315964462e+00
3.854999999999999982e+00 2.878503142871752019e+00
3.859999999999999876e+00 2.874851930683934409e+00
3.865000000000000213e+00 2.871186356884821489e+00
3.870000000000000107e+00 2.867526427350905127e+00
3.875000000000000000e+00 2.863860431614757562e+00
3.879999999999999893e+00 2.860191809084018377e+00
3.885000000000000231e+00 2.856525536278863964e+00
3.890000000000000124e+00 2.852848244959807822e+00
3.895000000000000018e+00 2.849181838415177470e+00
3.899999999999999911e+00 2.845498496577751890e+00
3.905000000000000249e+00 2.841829503907750354e+00
3.910000000000000142e+00 2.838146296902535504e+00
3.915000000000000036e+00 2.834468697011657934e+00
3.919999999999999929e+00 2.830785764346772648e+00
3.925000000000000266e+00 2.827099580377883115e+00
3.930000000000000160e+00 2.823417060060317230e+00
3.935000000000000053e+00 2.819722315077935804e+00
3.939999999999999947e+00 2.816040343624765185e+00
3.945000000000000284e+00 2.812342006582506215e+00
3.950000000000000178e+00 2.808655773077869178e+00
3.955000000000000071e+00 2.804958243328633749e+00
3.959999999999999964e+00 2.801263504937733018e+00
3.965000000000000302e+00 2.797566915287965639e+00
3.970000000000000195e+00 2.793863694226810690e+00
3.975000000000000089e+00 2.790168176030053182e+00
3.979999999999999982e+00 2.786456726711601828e+00
3.984999999999999876e+00 2.782762177663633985e+00
3.990000000000000213e+00 2.779052050528274531e+00
3.995000000000000107e+00 2.775349070860186451e+00
4.000000000000000000e+00 2.771640393635303123e+00
4.004999999999999893e+00 2.767929004877256016e+00
4.009999999999999787e+00 2.764221903874028996e+00
4.014999999999999680e+00 2.760502127581588194e+00
4.020000000000000462e+00 2.756796727705918215e+00
4.025000000000000355e+00 2.753075941057272047e+00
4.030000000000000249e+00 2.749365010235425455e+00
4.035000000000000142e+00 2.745646165760074808e+00
4.040000000000000036e+00 2.741926895232657646e+00
4.044999999999999929e+00 2.738210114319862054e+00
4.049999999999999822e+00 2.734482525155853327e+00
4.054999999999999716e+00 2.730767927825785257e+00
4.060000000000000497e+00 2.727038358966079379e+00
4.065000000000000391e+00 2.723319746088085136e+00
4.070000000000000284e+00 2.719592594508013050e+00
4.075000000000000178e+00 2.715865707660097161e+00
4.080000000000000071e+00 2.712141089946479511e+00
4.084999999999999964e+00 2.708405949860034578e+00
4.089999999999999858e+00 2.704683981266388759e+00
4.094999999999999751e+00 2.700947448182398514e+00
4.099999999999999645e+00 2.697221403249668636e+00
4.105000000000000426e+00 2.693487745784919341e+00
4.110000000000000320e+00 2.689753489496574890e+00
4.115000000000000213e+00 2.686022819553859353e+00
4.120000000000000107e+00 2.682280372446795624e+00
4.125000000000000000e+00 2.678552800630941810e+00
4.129999999999999893e+00 2.674811063247080067e+00
4.134999999999999787e+00 2.671077819028635059e+00
4.139999999999999680e+00 2.667339399224152086e+00
4.145000000000000462e+00 2.663598003650770263e+00
4.150000000000000355e+00 2.659863008761594649e+00
4.155000000000000249e+00 2.656114130768346904e+00
4.160000000000000142e+00 2.652382018411919784e+00
4.165000000000000036e+00 2.648636779839127264e+00
4.169999999999999929e+00 2.644896553669864758e+00
4.174999999999999822e+00 2.641155058641297071e+00
4.179999999999999716e+00 2.637406738992355226e+00
4.185000000000000497e+00 2.633669090392900536e+00
4.190000000000000391e+00 2.629917944029936283e+00
4.195000000000000284e+00 2.626178997304001506e+00
4.200000000000000178e+00 2.622431905082390546e+00
4.205000000000000071e+00 2.618684900596186083e+00
4.209999999999999964e+00 2.614941962268999998e+00
4.214999999999999858e+00 2.611186920521799237e+00
4.219999999999999751e+00 2.607448234637204099e+00
4.224999999999999645e+00 2.603696428459698620e+00
4.230000000000000426e+00 2.599950840294203314e+00
4.235000000000000320e+00 2.596203487627632533e+00
4.240000000000000213e+00 2.592449896425756517e+00
4.245000000000000107e+00 2.588707092765802020e+00
4.250000000000000000e+00 2.584951436438699623e+00
4.254999999999999893e+00 2.581207358985600386e+00
4.259999999999999787e+00 2.577456448063396799e+00
4.264999999999999680e+00 2.573704400523675773e+00
4.270000000000000462e+00 2.569958327504575646e+00
4.275000000000000355e+00 2.566199665681378139e+00
4.280000000000000249e+00 2.562457186993990721e+00
4.285000000000000142e+00 2.558703554872691299e+00
4.290000000000000036e+00 2.554953137934258045e+00
4.294999999999999929e+00 2.551204625070123022e+00
4.299999999999999822e+00 2.547446290916532075e+00
4.304999999999999716e+00 2.543702985739508815e+00
4.310000000000000497e+00 2.539947450725246636e+00
4.315000000000000391e+00 2.536198745562110446e+00
4.320000000000000284e+00 2.532448603740942161e+00
4.325000000000000178e+00 2.528692012451789317e+00
4.330000000000000071e+00 2.524947349387409279e+00
4.334999999999999964e+00 2.521190711311849686e+00
4.339999999999999858e+00 2.517443793734790436e+00
4.344999999999999751e+00 2.513692815493602239e+00
4.350000000000000533e+00 2.509938042128819990e+00
4.355000000000000426e+00 2.506192806472641088e+00
4.360000000000000320e+00 2.502435846967944855e+00
4.365000000000000213e+00 2.498690787815782244e+00
4.370000000000000107e+00 2.494939747614613790e+00
4.375000000000000000e+00 2.491186862407373415e+00
4.379999999999999893e+00 2.487441821499951633e+00
4.384999999999999787e+00 2.483685304272524874e+00
4.389999999999999680e+00 2.479942169792815676e+00
4.395000000000000462e+00 2.476191824287501841e+00
4.400000000000000355e+00 2.472440893020475983e+00
4.405000000000000249e+00 2.468696796519139092e+00
4.410000000000000142e+00 2.464941467621978965e+00
4.415000000000000036e+00 2.461200319841284401e+00
4.419999999999999929e+00 2.457451408154767591e+00
4.424999999999999822e+00 2.453702492525992707e+00
4.429999999999999716e+00 2.449960072675084533e+00
4.435000000000000497e+00 2.446206660778587061e+00
4.440000000000000391e+00 2.442467557862295635e+00
4.445000000000000284e+00 2.438720801854334930e+00
4.450000000000000178e+00 2.434973959832711810e+00
4.455000000000000071e+00 2.431233931732206255e+00
4.459999999999999964e+00 2.427483148393257739e+00
4.464999999999999858e+00 2.423746144995170493e+00
4.469999999999999751e+00 2.420002249530293081e+00
4.475000000000000533e+00 2.416257535700846226e+00
4.480000000000000426e+00 2.412520597573132086e+00
4.485000000000000320e+00 2.408773137502377537e+00
4.490000000000000213e+00 2.405038285104046825e+00
4.495000000000000107e+00 2.401297938317610736e+00
4.500000000000000000e+00 2.397555404216587416e+00
4.504999999999999893e+00 2.393822237671347164e+00
4.509999999999999787e+00 2.390078778998441233e+00
4.514999999999999680e+00 2.386346126238433119e+00
4.520000000000000462e+00 2.382609999800682665e+00
4.525000000000000355e+00 2.378869694240621335e+00
4.530000000000000249e+00 2.375140964537608035e+00
4.535000000000000142e+00 2.371402169074389388e+00
4.540000000000000036e+00 2.367671762067558028e+00
4.544999999999999929e+00 2.363940511445504100e+00
4.549999999999999822e+00 2.360202480830325023e+00
4.554999999999999716e+00 2.356478837140022708e+00
4.560000000000000497e+00 2.352745350641449296e+00
4.565000000000000391e+00 2.349017233288294371e+00
4.570000000000000284e+00 2.345291498005379172e+00
4.575000000000000178e+00 2.341556057245171463e+00
4.580000000000000071e+00 2.337837862297612368e+00
4.584999999999999964e+00 2.334110314720391433e+00
4.589999999999999858e+00 2.330384529006676697e+00
4.594999999999999751e+00 2.326664932900051941e+00
4.600000000000000533e+00 2.322935848942666581e+00
4.605000000000000426e+00 2.319219996047360510e+00
4.610000000000000320e+00 2.315499001806151647e+00
4.615000000000000213e+00 2.311775588092824130e+00
4.620000000000000107e+00 2.308062739568224497e+00
4.625000000000000000e+00 2.304340617485568732e+00
4.629999999999999893e+00 2.300627144984622952e+00
4.634999999999999787e+00 2.296913303205744050e+00
4.639999999999999680e+00 2.293192300509343529e+00
4.645000000000000462e+00 2.289486792793388403e+00
4.650000000000000355e+00 2.285772222511600837e+00
4.655000000000000249e+00 2.282061167576953320e+00
4.660000000000000142e+00 2.278355062349482818e+00
4.665000000000000036e+00 2.274640025041396729e+00
4.669999999999999929e+00 2.270938920003031658e+00
4.674999999999999822e+00 2.267232476552358378e+00
4.679999999999999716e+00 2.263523875451284972e+00
4.685000000000000497e+00 2.259826076075527990e+00
4.690000000000000391e+00 2.256119550458128842e+00
4.695000000000000284e+00 2.252420902541183434e+00
4.700000000000000178e+00 2.248723146303142073e+00
4.705000000000000071e+00 2.245017034654550159e+00
4.709999999999999964e+00 2.241328095887784588e+00
4.714999999999999858e+00 2.237630633501718869e+00
4.719999999999999751e+00 2.233934476914409384e+00
4.725000000000000533e+00 2.230245953866192288e+00
4.730000000000000426e+00 2.226549032880068779e+00
4.735000000000000320e+00 2.222862829187207456e+00
4.740000000000000213e+00 2.219174967306876134e+00
4.745000000000000107e+00 2.215481336011266400e+00
4.750000000000000000e+00 2.211802577967326044e+00
4.754999999999999893e+00 2.208115619580290456e+00
4.759999999999999787e+00 2.204431940476656582e+00
4.764999999999999680e+00 2.200754202350405198e+00
4.770000000000000462e+00 2.197068386680906205e+00
4.775000000000000355e+00 2.193394655146129413e+00
4.780000000000000249e+00 2.189718174116787708e+00
4.785000000000000142e+00 2.186037052539341108e+00
4.790000000000000036e+00 2.182369947626727313e+00
4.794999999999999929e+00 2.178694957814330646e+00
4.799999999999999822e+00 2.175023780919837613e+00
4.804999999999999716e+00 2.171358278352567783e+00
4.810000000000000497e+00 2.167685010840595616e+00
4.815000000000000391e+00 2.164023771797176199e+00
4.820000000000000284e+00 2.160360100666449679e+00
4.825000000000000178e+00 2.156691510920993871e+00
4.830000000000000071e+00 2.153037474498785908e+00
4.834999999999999964e+00 2.149375860900812008e+00
4.839999999999999858e+00 2.145717204313138282e+00
4.844999999999999751e+00 2.142065331399608308e+00
4.850000000000000533e+00 2.138405998458080326e+00
4.855000000000000426e+00 2.134757266223406891e+00
4.860000000000000320e+00 2.131107778001804842e+00
4.865000000000000213e+00 2.127451736513238156e+00
4.870000000000000107e+00 2.123812128291701296e+00
4.875000000000000000e+00 2.120165243013864220e+00
4.879999999999999893e+00 2.116519119733936805e+00
4.884999999999999787e+00 2.112882215420411214e+00
4.889999999999999680e+00 2.109238148429044557e+00
4.895000000000000462e+00 2.105601932804560761e+00
4.900000000000000355e+00 2.101967945852222019e+00
4.905000000000000249e+00 2.098326909603160928e+00
4.910000000000000142e+00 2.094700590253822270e+00
4.915000000000000036e+00 2.091069731247328534e+00
4.919999999999999929e+00 2.087436150626694964e+00
4.924999999999999822e+00 2.083815500082410566e+00
4.929999999999999716e+00 2.080187976759980462e+00
4.935000000000000497e+00 2.076564284448091158e+00
4.940000000000000391e+00 2.072947063838895598e+00
4.945000000000000284e+00 2.069323081114349261e+00
4.950000000000000178e+00 2.065709264276841761e+00
4.955000000000000071e+00 2.062095676695020252e+00
4.959999999999999964e+00 2.058475436679767512e+00
4.964999999999999858e+00 2.054871481767003072e+00
4.969999999999999751e+00 2.051261727520330869e+00
4.975000000000000533e+00 2.047650563460235329e+00
4.980000000000000426e+00 2.044051322322568698e+00
4.985000000000000320e+00 2.040445598956147411e+00
4.990000000000000213e+00 2.036844287639602236e+00
4.995000000000000107e+00 2.033249165170885497e+00
5.000000000000000000e+00 2.029647667488852392e+00
5.004999999999999893e+00 2.026056194186218740e+00
5.009999999999999787e+00 2.022465383435308350e+00
5.014999999999999680e+00 2.018868303522523888e+00
5.020000000000000462e+00 2.015286652893324870e+00
5.025000000000000355e+00 2.011700344207280278e+00
5.030000000000000249e+00 2.008111541395317001e+00
5.035000000000000142e+00 2.004536027572137336e+00
5.040000000000000036e+00 2.000954408617688252e+00
5.044999999999999929e+00 1.997375418643802414e+00
5.049999999999999822e+00 1.993804676122610253e+00
5.054999999999999716e+00 1.990227931907574188e+00
5.060000000000000497e+00 1.986658738505742594e+00
5.065000000000000391e+00 1.983092950603569715e+00
5.070000000000000284e+00 1.979521263498190686e+00
5.075000000000000178e+00 1.975961849888849597e+00
5.080000000000000071e+00 1.972401197302174225e+00
5.084999999999999964e+00 1.968834747060357993e+00
5.089999999999999858e+00 1.965285095976822882e+00
5.094999999999999751e+00 1.961729756802699898e+00
5.100000000000000533e+00 1.958173023263386048e+00
5.105000000000000426e+00 1.954628814297551420e+00
5.110000000000000320e+00 1.951078964054660858e+00
5.115000000000000213e+00 1.947531982864208144e+00
5.120000000000000107e+00 1.943993336790655224e+00
5.125000000000000000e+00 1.940449148440273941e+00
5.129999999999999893e+00 1.936911901705891115e+00
5.134999999999999787e+00 1.933378989874380283e+00
5.139999999999999680e+00 1.929840633841248154e+00
5.145000000000000462e+00 1.926313103271594551e+00
5.150000000000000355e+00 1.922786094511808930e+00
5.155000000000000249e+00 1.919253738704917334e+00
5.160000000000000142e+00 1.915735905634198932e+00
5.165000000000000036e+00 1.912214966276408523e+00
5.169999999999999929e+00 1.908690129524410084e+00
5.174999999999999822e+00 1.905180621521299855e+00
5.179999999999999716e+00 1.901665915416941743e+00
5.185000000000000497e+00 1.898150766409541612e+00
5.190000000000000391e+00 1.894647558379530583e+00
5.195000000000000284e+00 1.891139246921682115e+00
5.200000000000000178e+00 1.887633766637129673e+00
5.205000000000000071e+00 1.884137018438228006e+00
5.209999999999999964e+00 1.880635260582008472e+00
5.214999999999999858e+00 1.877139429704325790e+00
5.219999999999999751e+00 1.873649298772454230e+00
5.225000000000000533e+00 1.870154251055308192e+00
5.230000000000000426e+00 1.866668049996190293e+00
5.235000000000000320e+00 1.863184691365352252e+00
5.240000000000000213e+00 1.859696507927246945e+00
5.245000000000000107e+00 1.856219916847494877e+00
5.250000000000000000e+00 1.852743483169853933e+00
5.254999999999999893e+00 1.849262315773365639e+00
5.259999999999999787e+00 1.845795314603889237e+00
5.264999999999999680e+00 1.842325956169744705e+00
5.270000000000000462e+00 1.838852062908230778e+00
5.275000000000000355e+00 1.835394522682390672e+00
5.280000000000000249e+00 1.831932387440051935e+00
5.285000000000000142e+00 1.828468075740607102e+00
5.290000000000000036e+00 1.825017815631268414e+00
5.294999999999999929e+00 1.821563049206818663e+00
5.299999999999999822e+00 1.818108298986976124e+00
5.304999999999999716e+00 1.814665463189236494e+00
5.310000000000000497e+00 1.811218208906223426e+00
5.315000000000000391e+00 1.807772999922600210e+00
5.320000000000000284e+00 1.804337730344060420e+00
5.325000000000000178e+00 1.800898129243041046e+00
5.330000000000000071e+00 1.797462441110236231e+00
5.334999999999999964e+00 1.794034877390472849e+00
5.339999999999999858e+00 1.790603068248495022e+00
5.344999999999999751e+00 1.787176880457602701e+00
5.350000000000000533e+00 1.783757159987497065e+00
5.355000000000000426e+00 1.780333279337443120e+00
5.360000000000000320e+00 1.776916571274131051e+00
5.365000000000000213e+00 1.773504829215111211e+00
5.370000000000000107e+00 1.770089011364959219e+00
5.375000000000000000e+00 1.766681762327108718e+00
5.379999999999999893e+00 1.763278131630295453e+00
5.384999999999999787e+00 1.759870508682256363e+00
5.389999999999999680e+00 1.756472697897216717e+00
5.395000000000000462e+00 1.753077309322434774e+00
5.400000000000000355e+00 1.749678011191994065e+00
5.405000000000000249e+00 1.746289617833421293e+00
5.410000000000000142e+00 1.742902599968132460e+00
5.415000000000000036e+00 1.739511754402988997e+00
5.419999999999999929e+00 1.736132758459300041e+00
5.424999999999999822e+00 1.732754238819754100e+00
5.429999999999999716e+00 1.729371972499080146e+00
5.435000000000000497e+00 1.726002358411251603e+00
5.440000000000000391e+00 1.722632467394215494e+00
5.445000000000000284e+00 1.719258909873485175e+00
5.450000000000000178e+00 1.715898659280276295e+00
5.455000000000000071e+00 1.712537520546000058e+00
5.459999999999999964e+00 1.709172794656532490e+00
5.464999999999999858e+00 1.705821887439033402e+00
5.469999999999999751e+00 1.702469621705900105e+00
5.475000000000000533e+00 1.699113847343152406e+00
5.480000000000000426e+00 1.695772263256724033e+00
5.485000000000000320e+00 1.692428989173897724e+00
5.490000000000000213e+00 1.689082284168673009e+00
5.495000000000000107e+00 1.685750003003908315e+00
5.500000000000000000e+00 1.682415837169254580e+00
5.504999999999999893e+00 1.679078317305605195e+00
5.509999999999999787e+00 1.675755318901386515e+00
5.514999999999999680e+00 1.672430375879244702e+00
5.520000000000000462e+00 1.669102154912259772e+00
5.525000000000000355e+00 1.665788419168464207e+00
5.530000000000000249e+00 1.662472811507346604e+00
5.535000000000000142e+00 1.659154001180840554e+00
5.540000000000000036e+00 1.655849508070687204e+00
5.544999999999999929e+00 1.652543346320833662e+00
5.549999999999999822e+00 1.649234056384932812e+00
5.554999999999999716e+00 1.645938785966976514e+00
5.560000000000000497e+00 1.642642178697831801e+00
5.565000000000000391e+00 1.639342516926431959e+00
5.570000000000000284e+00 1.636056449356203535e+00
5.575000000000000178e+00 1.632769503173778114e+00
5.580000000000000071e+00 1.629479575381904910e+00
5.584999999999999964e+00 1.626202690923221672e+00
5.589999999999999858e+00 1.622925510487332801e+00
5.594999999999999751e+00 1.619645420548392778e+00
5.600000000000000533e+00 1.616377699584324201e+00
5.605000000000000426e+00 1.613110387625730890e+00
5.610000000000000320e+00 1.609840237488660675e+00
5.615000000000000213e+00 1.606581660532150346e+00
5.620000000000000107e+00 1.603324317869598614e+00
5.625000000000000000e+00 1.600064207575883968e+00
5.629999999999999893e+00 1.596814755280067777e+00
5.634999999999999787e+00 1.593567480837206007e+00
5.639999999999999680e+00 1.590317508537818947e+00
5.645000000000000462e+00 1.587077161705982453e+00
5.650000000000000355e+00 1.583840052528186826e+00
5.655000000000000249e+00 1.580600314500392622e+00
5.660000000000000142e+00 1.577369054095637990e+00
5.665000000000000036e+00 1.574142205366715785e+00
5.669999999999999929e+00 1.570912796030787373e+00
5.674999999999999822e+00 1.567690603185359244e+00
5.679999999999999716e+00 1.564474108244146899e+00
5.685000000000000497e+00 1.561255120179969591e+00
5.690000000000000391e+00 1.558041976204290968e+00
5.695000000000000284e+00 1.554835926561158210e+00
5.700000000000000178e+00 1.551627450524720730e+00
5.705000000000000071e+00 1.548423336916098902e+00
5.709999999999999964e+00 1.545227822269335194e+00
5.714999999999999858e+00 1.542029947209108798e+00
5.719999999999999751e+00 1.538834845660152384e+00
5.725000000000000533e+00 1.535649953912246790e+00
5.730000000000000426e+00 1.532462766985478897e+00
5.735000000000000320e+00 1.529276659392205584e+00
5.740000000000000213e+00 1.526102476666027163e+00
5.745000000000000107e+00 1.522926063254906204e+00
5.750000000000000000e+00 1.519748931724549612e+00
5.754999999999999893e+00 1.516585542379424556e+00
5.759999999999999787e+00 1.513419986107154447e+00
5.764999999999999680e+00 1.510252295650466481e+00
5.770000000000000462e+00 1.507099299613356314e+00
5.775000000000000355e+00 1.503944682360119911e+00
5.780000000000000249e+00 1.500787993702006107e+00
5.785000000000000142e+00 1.497643893679983185e+00
5.790000000000000036e+00 1.494500295598793160e+00
5.794999999999999929e+00 1.491354688165812625e+00
5.799999999999999822e+00 1.488219466681256931e+00
5.804999999999999716e+00 1.485086966213715387e+00
5.810000000000000497e+00 1.481952517725578122e+00
5.815000000000000391e+00 1.478826157547002529e+00
5.820000000000000284e+00 1.475704831438954479e+00
5.825000000000000178e+00 1.472581617924171082e+00
5.830000000000000071e+00 1.469464102072508549e+00
5.834999999999999964e+00 1.466354025389580373e+00
5.839999999999999858e+00 1.463242121201006718e+00
5.844999999999999751e+00 1.460133432955657673e+00
5.850000000000000533e+00 1.457034679098703212e+00
5.855000000000000426e+00 1.453934156928968102e+00
5.860000000000000320e+00 1.450834279833539631e+00
5.865000000000000213e+00 1.447746920553982797e+00
5.870000000000000107e+00 1.444657851450836139e+00
5.875000000000000000e+00 1.441567103532597649e+00
5.879999999999999893e+00 1.438490874733715064e+00
5.884999999999999787e+00 1.435413328115253462e+00
5.889999999999999680e+00 1.432334160228653008e+00
5.895000000000000462e+00 1.429266663642426938e+00
5.900000000000000355e+00 1.426200707312225369e+00
5.905000000000000249e+00 1.423133186566891695e+00
5.910000000000000142e+00 1.420074406346036877e+00
5.915000000000000036e+00 1.417020106508178667e+00
5.919999999999999929e+00 1.413964298418787457e+00
5.924999999999999822e+00 1.410914219006544235e+00
5.929999999999999716e+00 1.407871640280551340e+00
5.935000000000000497e+00 1.404827608781744619e+00
5.940000000000000391e+00 1.401786214916265649e+00
5.945000000000000284e+00 1.398755420351919687e+00
5.950000000000000178e+00 1.395723227813140843e+00
5.955000000000000071e+00 1.392690504531636231e+00
5.959999999999999964e+00 1.389671555623727350e+00
5.964999999999999858e+00 1.386651262863940914e+00
5.969999999999999751e+00 1.383629655789804236e+00
5.975000000000000533e+00 1.380620152209528495e+00
5.980000000000000426e+00 1.377611818511830233e+00
5.985000000000000320e+00 1.374602223711562043e+00
5.990000000000000213e+00 1.371601313467822436e+00
5.995000000000000107e+00 1.368604996593988599e+00
6.000000000000000000e+00 1.365607471163278852e+00
