check: K/(Q K') today = 1.3e-10

K_B = 0.5
   a        k=0.01            k=0.1             k=1   (growth rate / aH , oscillation / aH)
     1e-05     +0.14,  0.0e+00     +0.14,  0.0e+00     +0.14,  0.0e+00
     1e-03     +1.51,  0.0e+00     +1.51,  0.0e+00     +1.51,  0.0e+00
     1e-02     +0.45,  0.0e+00     +0.45,  0.0e+00     +0.45,  0.0e+00
     1e-01     -0.00,  4.5e+01     -0.00,  4.5e+01     -0.07,  4.6e+01
     1e+00     -0.00,  7.6e+02     -0.00,  7.6e+02     -0.00,  7.6e+02

K_B = 0.1
   a        k=0.01            k=0.1             k=1   (growth rate / aH , oscillation / aH)
     1e-05     +0.53,  0.0e+00     +0.53,  0.0e+00     +0.53,  0.0e+00
     1e-03     +3.87,  0.0e+00     +3.87,  0.0e+00     +3.87,  0.0e+00
     1e-02     -0.00,  1.4e+00     -0.00,  1.4e+00     -0.01,  1.5e+00
     1e-01     -0.00,  1.1e+02     -0.00,  1.1e+02     -0.07,  1.1e+02
     1e+00     -0.00,  1.9e+03     -0.00,  1.9e+03     -0.00,  1.9e+03

K_B = 0.05
   a        k=0.01            k=0.1             k=1   (growth rate / aH , oscillation / aH)
     1e-05     +0.86,  0.0e+00     +0.86,  0.0e+00     +0.86,  0.0e+00
     1e-03     +5.66,  0.0e+00     +5.66,  0.0e+00     +5.66,  0.0e+00
     1e-02     -0.00,  2.4e+00     -0.00,  2.4e+00     -0.01,  2.4e+00
     1e-01     -0.00,  1.6e+02     -0.00,  1.6e+02     -0.06,  1.6e+02
     1e+00     -0.00,  2.7e+03     -0.00,  2.7e+03     -0.00,  2.8e+03

K_B = 0.001
   a        k=0.01            k=0.1             k=1   (growth rate / aH , oscillation / aH)
     1e-05     +8.47,  0.0e+00     +8.47,  0.0e+00     +8.47,  0.0e+00
     1e-03    +42.93,  0.0e+00    +42.93,  0.0e+00    +42.93,  0.0e+00
     1e-02     -0.00,  1.9e+01     -0.00,  1.9e+01     -0.01,  1.9e+01
     1e-01     -0.00,  1.1e+03     -0.00,  1.1e+03     -0.06,  1.2e+03
     1e+00     -0.00,  2.0e+04     -0.00,  2.0e+04     -0.00,  2.0e+04

K_B = 2e-05
   a        k=0.01            k=0.1             k=1   (growth rate / aH , oscillation / aH)
     1e-05    +62.81,  0.0e+00    +62.81,  0.0e+00    +62.81,  0.0e+00
     1e-03   +306.59,  0.0e+00   +306.59,  0.0e+00   +306.59,  0.0e+00
     1e-02     -0.00,  1.4e+02     -0.00,  1.4e+02     -0.01,  1.4e+02
     1e-01     -0.00,  8.1e+03     -0.00,  8.1e+03     -0.06,  8.3e+03
     1e+00     -0.00,  1.4e+05     -0.00,  1.4e+05     -0.00,  1.4e+05
